-0.004, -0.096, 0.138, -0.317, -0.856, -0.416, -0.492, 0.145, -0.328, 0.006, -0.039, 0.222, -0.141, -0.364, 0.106, 0.02, 0.137, -0.322, -0.036, 0.407, 0.053, 0.151, 0.009, -0.148, -0.04, 0.012, -0.073, -0.17, -0.09, -0.054, 0.074, 0.254, -0.025, -0.111, 0.128, 0.144, 0.147, 0.141, -0.158, -0.191, 0.072, -0.032, 0.096, 0.118, -0.088, -0.058, -0.054, 0.034, -0.017, 0.075, -0.096, 0.011, -0.287, 0.073, -0.124, -0.105, 0.016, 0.243, -0.198, 0.159, -0.346, -0.159, -0.103, -0.115
-0.637, -0.223, -0.657, 0.495, 0.705, 0.551, 0.487, 0.238, 0.368, -0.35, -0.444, -0.434, -0.532, 0.433, 0.363, -0.301, 0.104, 0.229, -0.304, -0.332, -0.166, -0.144, -0.04, -0.189, 0.046, 0.445, 0.57, 0.471, 0.255, 0.552, 0.089, 0.013, -0.229, -0.123, 0.266, 0.108, -0.027, 0.21, -0.031, 0.04, 0.105, 0.185, 0.14, -0.086, 0.337, -0.039, -0.27, 0.073, 0.147, -0.104, 0.173, 0.105, -0.048, -0.122, -0.015, 0.03, -0.103, 0.026, 0.394, 0.248, 0.356, 0.29, 0.969, 0.829
0.477, 0.142, 0.557, -0.407, -0.428, -0.87, -0.426, -0.444, -0.56, 0.611, 0.158, 0.391, -0.018, 0.065, -0.127, 0.236, -0.435, -0.889, -0.087, 0.1, -0.337, 0.194, 0.217, -0.104, -0.101, -0.149, -0.273, -0.108, -0.676, -0.68, 0.428, 0.207, -0.078, -0.193, -0.416, -0.451, -0.514, -0.482, 0.027, 0.02, -0.377, -0.688, -0.805, -0.372, -0.536, 0.318, 0.086, -0.168, -0.543, -0.089, -0.276, 0.061, 0.045, 0.021, -0.173, -0.417, -0.907, -0.459, -0.254, -0.302, -0.104, -0.56, -0.304, -1.794
-0.268, -0.031, -0.071, 0.393, 0.695, 0.285, 0.4, 0.039, -0.045, 0.041, -0.046, -0.122, -0.078, 0.392, 0.241, -0.192, 0.143, 0.762, -0.048, 0.009, 0.098, 0.045, 0.223, 0.133, 0.337, 0.464, 0.093, 0.307, -0.258, -0.141, -0.036, 0.02, -0.132, -0.171, 0.124, 0.498, 0.075, -0.063, 0.196, -0.048, 0.098, 0.27, 0.061, -0.018, -0.325, -0.004, -0.206, -0.086, 0.302, -0.181, -0.093, -0.106, 0.016, -0.358, -0.127, -0.51, -0.214, -0.099, -1.215, 0.123, 0.321, 0.493, 0.216, 0.335
0.753, 0.744, 0.862, -0.66, 0.281, -0.384, -0.562, -0.96, -0.559, 0.72, 0.605, 0.385, 0.123, -0.027, -0.285, 0.008, -0.687, 0.468, -0.074, -0.659, -0.143, 0.028, 0.018, -0.052, -0.008, -0.387, -0.287, 0.706, -0.987, -1.37, 0.339, -0.515, -0.223, -0.306, -0.3, -0.128, -0.874, -0.667, -0.083, 0.047, -0.024, -0.169, -0.608, -0.334, -0.907, 0.265, 0.118, -0.446, -1.814, -0.219, 0.235, -0.074, -0.134, -0.2, 0.248, -1.278, -0.537, -0.479, 0.196, -0.663, -0.907, -1.463, -7.073, -6.771
0.397, 0.264, -0.711, 0.365, 0.916, 0.561, 0.818, -0.081, 0.231, -0.653, -0.428, -0.523, -0.379, 0.487, -0.094, 0.142, -0.053, -1.072, -0.271, -1.101, -0.633, -0.714, -0.984, -0.968, -0.396, 0.047, 0.187, -0.834, -0.161, 0.181, 0.272, -0.158, 0.081, 0.27, 0.067, 0.565, -0.033, -0.261, 0.136, -0.02, 0.4, 0.323, 0.154, 0.149, 0.325, 0.11, -0.036, 0.183, 0.112, -0.637, -0.191, -0.341, -0.723, 0.081, -0.107, 0.035, -0.181, 0.322, 0.042, -0.286, 0.548, 0.174, 0.374, -6.925
-0.094, -0.134, 0.234, -0.479, -1.168, -0.281, -0.7, -0.314, -0.54, 0.544, 0.482, 0.515, 0.341, -0.481, 0.062, -0.652, 0.132, 0.586, 0.191, 0.255, 0.064, 0.315, 0.277, 0.437, 0.251, 0.264, -0.721, -0.702, -0.773, -0.861, -0.233, -0.249, -0.39, -1.102, 0.128, 0.032, -0.097, 0.029, -0.584, -0.154, 0.216, 0.158, 0.046, -0.0, -0.111, -0.191, -0.196, -0.046, 0.051, 0.418, 0.134, 0.317, -0.591, 0.161, -0.207, -0.75, -0.272, -0.255, -0.337, -0.033, -0.054, 0.272, -0.005, -0.109
-0.11, -0.019, 0.134, 0.147, 0.356, 0.02, 0.267, -0.116, -0.024, -0.055, 0.043, -0.131, -0.138, -0.093, 0.066, 0.037, -0.034, -0.034, 0.028, -0.195, 0.011, 0.115, 0.098, -0.13, 0.083, -0.068, 0.076, -0.094, 0.023, -0.069, 0.206, 0.027, 0.059, 0.149, 0.081, 0.095, -0.077, 0.032, 0.023, -0.002, -0.11, -0.067, 0.021, -0.003, -0.033, 0.002, -0.013, -0.13, -0.019, 0.02, 0.149, 0.096, 0.003, -0.12, -0.167, -0.054, -0.134, -0.232, -0.274, 0.305, 0.194, -0.052, -0.112, -0.334
0.183, 0.249, -1.075, 0.738, 0.515, 0.673, 0.433, -0.0, 0.173, -0.486, -0.484, -0.655, -0.361, 0.11, -0.098, 0.269, -0.317, -0.08, -0.271, -0.738, -0.209, -0.395, -1.159, -0.66, -0.546, -0.465, 0.139, 0.628, 0.429, 0.544, -0.017, -0.392, -0.412, 0.012, 0.044, 0.27, -0.216, 0.394, 0.208, 0.013, 0.045, -0.031, -0.127, 0.046, 0.299, 0.157, -0.048, 0.412, 0.208, -0.427, -0.336, -0.385, -0.603, 0.462, 0.395, 0.002, -0.287, 0.275, 0.118, 0.175, 0.481, -0.338, 0.855, -0.635
-0.028, -0.077, 0.099, -0.547, -0.658, -0.525, -0.519, -0.356, -0.689, 0.267, 0.241, 0.381, 0.021, -0.606, -0.483, -0.185, 0.043, -0.597, 0.194, 0.221, -0.028, 0.278, 0.185, 0.13, 0.199, 0.083, -0.392, -0.326, -0.479, -0.399, -0.058, 0.109, -0.289, -0.341, 0.138, -0.179, -0.001, -0.089, -0.438, -0.422, 0.116, -0.118, 0.069, 0.143, -0.02, -0.154, 0.02, -0.166, 0.094, 0.334, 0.108, 0.122, -0.045, 0.249, -0.087, -0.096, -0.341, -0.068, -0.524, 0.168, 0.047, -0.205, -0.173, 0.129
-0.477, -0.441, -0.451, 0.352, 0.494, 0.488, 0.628, 0.244, 0.333, -0.236, -0.344, -0.263, -0.23, 0.364, 0.222, -0.129, 0.305, 0.014, -0.072, -0.202, -0.224, -0.028, 0.11, -0.278, -0.089, 0.173, 0.407, 0.206, 0.29, 0.251, 0.198, 0.182, 0.077, 0.123, 0.258, 0.12, 0.082, 0.272, 0.233, -0.247, -0.083, 0.048, 0.103, -0.03, -0.058, -0.058, -0.126, 0.05, 0.188, -0.133, -0.159, 0.037, -0.04, -0.252, -0.519, 0.079, 0.065, -0.83, -1.029, 0.22, 0.379, 0.103, 0.256, 0.221
0.814, 0.358, 0.757, -0.412, -1.142, -0.603, -0.576, -0.282, -0.255, 0.404, 0.269, 0.137, 0.046, 0.281, -0.194, 0.506, -0.566, -0.441, -0.149, -0.765, -0.847, -0.019, -0.019, 0.073, 0.104, -0.726, -0.47, -1.158, -0.905, -0.595, 0.223, -0.584, -0.152, -0.711, -0.32, -0.451, -0.56, -0.45, -0.062, 0.351, -0.139, -0.052, -0.655, -0.565, -1.003, 0.206, -0.068, -0.46, -0.613, -0.364, -0.533, 0.117, -0.087, -0.106, -0.982, -1.015, -0.642, -0.99, -1.007, -0.144, 0.287, 0.005, 0.124, -0.96
0.268, 0.187, -1.185, 0.612, 0.708, 0.72, 0.528, 0.051, 0.391, -0.509, -0.734, -0.616, -0.71, 0.19, 0.077, 0.232, -0.183, -0.414, -0.203, -0.547, -0.32, -0.437, -1.145, -0.819, -0.553, -0.374, 0.143, -0.32, 0.521, 0.583, 0.004, 0.03, 0.351, 0.365, 0.184, 0.287, -0.051, 0.3, 0.029, 0.09, 0.025, -0.076, -0.095, 0.072, -0.094, 0.342, 0.124, 0.378, 0.138, -0.577, -0.716, -0.434, -0.626, 0.159, 0.07, 0.237, 0.118, -0.088, 0.341, 0.27, 0.336, 0.175, 0.269, -8.129
-0.06, 0.258, 0.167, -0.182, -0.67, -0.395, -0.846, 0.134, -0.549, 0.016, 0.221, 0.308, -0.025, -0.768, 0.196, 0.084, -0.106, 0.131, 0.103, 0.203, 0.232, 0.078, 0.056, -0.164, 0.199, -0.251, -0.515, -0.803, -0.256, -0.157, -0.051, 0.237, 0.018, -0.146, -0.307, -0.18, 0.141, -0.326, 0.156, -0.01, -0.002, 0.039, -0.039, -0.305, -0.446, 0.011, -0.023, -0.311, -0.293, 0.145, -0.072, 0.124, -0.028, 0.097, -0.333, -1.453, -0.761, -0.684, 0.068, 0.641, 0.373, 0.104, 0.155, -0.441
-0.293, -0.204, 0.133, 0.269, -0.585, -0.572, -0.324, 0.342, 0.074, -0.381, -0.383, -0.247, -0.975, 0.631, 0.729, -0.277, 0.154, 0.051, -0.606, 0.116, -0.453, -0.399, -0.014, -0.339, -0.151, -0.688, 0.564, -0.7, 0.663, 0.463, 0.27, -0.242, 0.067, -0.574, -0.195, -0.653, 0.021, -0.381, 0.019, 0.086, -0.027, 0.01, 0.1, 0.608, 0.224, -0.08, 0.195, 0.531, 0.623, -0.412, -0.356, -0.356, -0.183, -0.038, -0.306, 0.185, -0.253, -0.1, -0.618, 0.454, -0.217, -0.053, -0.176, -1.127
0.173, 0.012, -1.162, 0.291, 0.22, 0.217, 0.308, -0.184, 0.082, 0.049, -0.035, -0.0, -0.064, 0.039, -0.116, 0.0, 0.019, -0.079, -0.038, -0.158, -0.207, 0.16, -0.195, -0.007, 0.158, 0.576, 0.129, 0.118, -0.075, -0.116, 0.105, 0.24, -0.102, 0.023, 0.052, -0.19, -0.204, -0.046, 0.183, 0.03, 0.008, -0.03, 0.0, -0.02, 0.126, 0.031, -0.108, 0.028, -0.121, 0.038, -0.225, 0.05, -0.207, -0.001, 0.002, 0.058, 0.04, -0.153, -0.444, -0.055, 0.335, -0.183, 0.651, -0.529
-0.083, 0.073, 0.237, -0.004, -0.178, -0.109, -0.175, -0.04, 0.062, 0.013, -0.151, 0.401, 0.092, -0.258, 0.106, 0.022, 0.083, -0.187, 0.142, 0.088, 0.175, -0.063, 0.092, 0.232, -0.08, -0.13, -0.17, -0.295, 0.004, -0.231, -0.179, -0.076, 0.061, 0.2, 0.099, -0.032, -0.064, 0.332, 0.036, -0.01, 0.008, -0.17, 0.085, -0.352, 0.477, -0.015, 0.084, -0.002, 0.008, -0.027, 0.013, 0.034, 0.08, 0.033, 0.088, 0.042, 0.533, 0.277, -0.077, -0.531, -0.264, -0.433, -0.313, 0.394
-0.087, 0.076, -0.152, 0.108, 0.731, -0.34, 0.198, 0.068, 0.342, -0.346, -0.107, -0.036, 0.322, 0.387, 0.559, -0.091, -0.005, -1.111, -0.491, -0.037, -0.55, -0.368, -0.476, -0.902, 0.212, -0.321, -0.118, 0.39, 0.37, 0.712, -0.625, 0.003, 0.089, 0.131, -0.052, 0.094, -0.307, 0.366, -0.404, 0.223, 0.11, 0.08, -0.434, 0.61, -0.09, -0.029, -0.072, -0.123, 0.384, 0.117, -0.166, -0.38, 0.284, -0.313, 0.194, 0.051, -1.224, 0.521, 1.301, 0.086, -0.495, 0.578, 0.778, 0.674
-0.043, -0.21, 0.072, 0.046, 0.261, 0.184, 0.408, 0.096, 0.209, 0.019, 0.035, -0.282, -0.174, 0.257, -0.173, 0.015, -0.032, -0.124, 0.152, -0.155, -0.035, -0.034, -0.048, -0.263, -0.093, -0.08, 0.284, 0.169, 0.28, 0.183, 0.09, -0.043, 0.123, 0.151, -0.028, -0.191, 0.063, 0.175, 0.145, -0.277, -0.033, 0.078, 0.012, 0.049, -0.047, -0.126, -0.062, 0.231, 0.17, -0.222, -0.041, -0.019, -0.085, -0.534, -0.372, 0.228, 0.099, 0.089, -0.492, -0.013, 0.329, 0.186, -0.482, 0.438
0.569, 0.148, 0.633, -0.07, -0.547, -0.701, -0.204, -0.189, 0.034, 0.161, -0.066, -0.737, -0.618, 0.372, -0.181, -0.066, -0.296, 0.041, -0.306, -0.996, -0.691, -0.491, -0.103, 0.083, -0.043, -0.28, -0.201, -8.097, -0.614, -1.473, -0.213, -0.946, -0.261, -0.372, 0.057, -0.719, -0.187, -0.246, -0.279, -0.051, 0.201, -0.393, -1.015, -0.23, -0.794, 0.482, 0.298, -0.228, -0.472, -0.26, -0.998, 0.011, -0.331, 0.402, -0.038, -0.37, -0.984, -0.258, -7.446, -0.333, -0.949, -0.217, 0.165, -7.134
0.415, 0.304, -1.535, 0.433, 0.604, 0.617, 0.494, -0.092, -0.009, -0.222, -0.196, -0.636, -0.743, -0.052, -0.494, 0.412, -0.368, -0.695, -0.248, -1.327, -0.571, -0.342, -0.556, -0.709, -0.532, -0.323, 0.368, 0.56, 0.581, 0.43, 0.048, -0.024, 0.277, 0.127, -0.254, -0.474, -0.23, -0.122, 0.298, 0.06, -0.072, -0.461, -0.616, 0.252, 0.224, 0.237, -0.016, 0.363, 0.296, -0.676, -0.852, -0.512, -0.535, 0.16, 0.123, 0.423, -0.162, 0.024, 0.112, -0.005, -0.298, 0.077, 0.122, -0.963
-0.179, -0.304, -0.144, -0.949, -1.72, -0.929, -1.254, -0.095, -0.326, 0.187, 0.199, 0.017, 0.154, -0.265, -0.379, -0.279, 0.31, -0.082, 0.138, 0.085, -0.071, 0.231, 0.308, 0.209, 0.394, -0.055, -1.146, -0.752, -0.969, -1.373, -0.181, -0.316, -0.173, -0.536, 0.062, 0.17, 0.081, 0.095, -0.256, -0.147, 0.067, -0.015, 0.289, -0.091, -0.589, -0.099, 0.048, -0.754, -0.5, 0.473, 0.254, 0.201, 0.284, 0.385, 0.184, -0.276, -0.884, -0.595, -0.949, 0.063, 0.027, -0.04, -0.428, -0.638
0.161, -0.223, 0.342, -0.304, -0.262, -0.439, -0.457, -0.153, -0.229, 0.175, 0.191, 0.314, 0.26, -0.522, -0.216, 0.115, -0.09, -0.131, 0.205, 0.524, 0.035, 0.195, 0.064, 0.626, 0.246, -0.376, -0.378, -0.189, -0.205, -0.262, -0.003, 0.041, 0.016, 0.022, 0.017, -0.247, 0.151, -0.035, -0.074, 0.133, -0.183, -0.037, -0.051, -0.112, -0.575, -0.085, 0.152, -0.203, -0.211, 0.005, -0.224, -0.203, 0.27, 0.091, 0.099, -0.094, -0.068, -0.337, -0.526, -0.165, -0.413, -0.47, -0.921, 0.074
0.02, 0.102, 0.025, -0.495, -0.495, -1.006, -0.352, -0.067, -0.238, 0.359, 0.275, 0.386, -0.096, 0.236, -0.151, 0.075, -0.066, -0.548, 0.17, -0.02, -0.36, 0.208, 0.361, 0.184, 0.275, -0.215, -0.348, 0.79, -0.523, -0.672, -0.29, -0.362, 0.022, -0.165, -0.101, -0.127, -0.101, -0.407, 0.067, -0.184, 0.195, 0.063, -0.079, -0.552, -1.105, -0.074, 0.114, -0.698, -0.89, 0.14, 0.207, 0.118, 0.368, -0.265, -0.229, -0.254, -0.993, -0.507, -8.266, -0.229, -0.264, -0.055, 0.039, -7.666
-0.342, -0.331, -0.427, 0.574, 0.302, 0.492, 0.573, 0.355, 0.339, -1.124, -1.038, -1.461, -0.843, 0.502, 0.502, -0.377, 0.255, 0.215, -0.703, -0.744, -0.806, -0.858, -1.018, -0.45, -0.497, -0.488, 0.475, 0.197, 0.524, 0.459, -0.029, -0.25, 0.134, 0.05, -0.191, -0.179, 0.014, 0.006, 0.119, 0.129, 0.17, 0.348, 0.236, 0.397, 0.495, 0.02, -0.061, 0.46, 0.406, -0.035, 0.115, 0.06, 0.082, -0.216, -0.114, 0.563, 0.588, 0.221, 0.413, 0.178, -0.49, 0.394, 0.306, 0.607
0.052, 0.098, -1.794, 0.615, 0.163, 0.644, 0.665, 0.031, -0.439, -0.496, -0.248, -0.226, -0.012, 0.184, -0.046, -0.049, 0.069, 0.061, -0.137, -0.732, -0.658, -0.073, -1.532, -0.359, -0.38, -0.907, 0.043, 0.935, 0.514, -0.314, -0.381, -0.292, 0.026, 0.059, 0.112, -0.376, -0.217, -0.391, -0.388, -0.583, -0.096, -0.297, -0.415, 0.316, 0.541, 0.194, 0.238, 0.54, 0.257, -0.056, -0.453, -0.032, -0.152, 0.321, 0.186, 0.522, 0.709, 0.417, 0.099, -0.355, -1.698, 0.485, 0.803, 1.797
-0.163, -0.064, 0.171, -0.479, -0.411, -0.853, -0.539, -0.039, -0.504, 0.116, 0.257, 0.118, -0.31, -0.367, -0.262, -0.18, 0.223, -0.19, 0.066, 0.205, -0.557, 0.107, 0.189, -0.073, 0.422, -0.263, -1.165, -0.682, -0.766, -1.084, -0.024, -0.029, -0.33, -0.555, 0.063, -0.108, 0.081, -0.047, -0.483, -0.042, -0.023, -0.275, 0.175, -0.004, -0.526, -0.084, 0.132, -0.263, -0.347, 0.296, 0.062, 0.158, 0.061, 0.404, 0.146, -0.703, -0.839, -0.375, -0.21, 0.56, 0.153, -0.257, -0.75, 0.244
0.125, -0.531, 0.431, 0.018, 0.177, -0.671, 0.049, -0.293, -0.084, 0.128, -0.09, -0.473, -0.041, -0.108, -0.059, -0.627, -0.442, -6.664, -0.271, 0.531, -0.205, 0.12, -0.3, -0.333, 0.029, 0.431, 0.522, -6.309, -0.247, 0.315, -0.302, 0.518, -0.294, -0.517, 0.1, 0.326, -0.015, -0.5, -1.048, 0.118, 0.142, 0.479, -1.195, -0.26, -0.672, 0.099, 0.389, -0.375, 0.423, 0.383, -0.224, 0.026, 0.311, 0.427, -0.08, -1.502, 0.625, 0.578, -5.837, -0.482, -0.033, -6.577, -5.278, 1.931
-0.033, -0.126, 0.164, 0.125, 0.662, 0.093, 0.296, 0.001, 0.009, 0.042, -0.019, -0.108, -0.358, 0.165, 0.14, 0.098, 0.099, 0.16, 0.129, 0.099, -0.085, -0.029, -0.034, -0.444, 0.137, 0.018, 0.119, 0.372, 0.252, 0.432, 0.16, -0.164, 0.166, 0.106, -0.065, -0.269, 0.09, -0.157, 0.185, 0.021, 0.005, 0.143, -0.075, 0.022, -0.014, -0.13, 0.18, 0.055, 0.234, -0.157, -0.02, -0.048, -0.018, -0.388, -0.474, -0.074, -0.295, -0.54, -0.112, 0.31, 0.471, 0.247, -0.47, -0.168
0.339, 0.454, -1.445, 0.679, 0.809, -0.107, 0.564, 0.062, -0.106, -0.206, -0.045, -0.246, -0.325, 0.098, 0.073, 0.13, -1.419, -8.047, -0.018, -1.768, -0.895, -0.387, -0.446, -1.022, -0.225, -0.77, 0.056, 0.315, 0.519, 0.667, -0.191, 0.234, 0.132, -0.012, -0.212, 0.447, -0.087, -0.497, 0.304, -0.389, 0.017, -0.211, -0.051, 0.173, -0.183, 0.223, 0.105, 0.287, 0.14, -0.462, -0.641, -0.3, -0.299, 0.122, -0.123, -0.582, -0.758, -0.032, -0.312, 0.458, -0.029, 0.335, 0.247, -6.359
-0.38, -0.193, -0.306, -0.99, -1.638, -0.876, -1.397, -0.052, -0.053, 0.213, 0.295, 0.133, -0.086, -0.27, -0.187, -0.535, 0.07, 0.158, 0.214, 0.349, 0.066, 0.377, 0.395, 0.217, 0.323, 0.336, -1.131, -1.22, -1.304, -1.504, -0.133, -0.133, -0.262, -0.568, 0.062, 0.083, 0.075, -0.211, -0.547, -0.508, 0.065, 0.023, 0.413, -0.095, -0.041, -0.21, -0.224, -0.768, -0.446, 0.553, 0.51, 0.268, 0.205, 0.288, 0.199, -0.326, -0.576, -0.084, -0.689, 0.168, 0.053, -0.046, -0.214, 0.375
0.528, 0.179, 0.606, 0.036, -0.211, -0.365, -0.138, -0.113, -0.1, 0.247, -0.022, 0.02, -0.184, 0.25, -0.05, -0.117, -0.387, -0.954, -0.049, -0.362, -0.847, 0.114, -0.243, -0.205, 0.031, -0.666, -0.241, -0.304, -0.698, -1.281, -0.106, -0.276, -0.542, -0.371, -0.067, -0.283, -0.461, -0.128, -0.493, -0.02, 0.287, 0.029, -0.417, -0.297, -0.323, 0.431, 0.149, -0.365, 0.07, 0.014, -0.459, 0.125, -0.198, 0.19, -0.171, -0.449, -8.696, -0.855, 0.737, -0.285, -0.366, -0.779, -6.388, -6.087
-0.052, -0.108, 0.07, -0.032, 0.266, 0.221, 0.15, -0.004, 0.262, -0.002, -0.089, -0.356, -0.003, 0.213, -0.096, -0.012, 0.084, 0.172, -0.001, -0.248, -0.116, -0.044, 0.041, -0.173, -0.058, -0.18, 0.351, -0.11, 0.259, 0.226, 0.168, 0.062, 0.041, 0.114, 0.186, -0.088, 0.085, 0.131, 0.167, -0.001, -0.129, -0.055, -0.063, -0.059, -0.005, 0.029, 0.002, 0.118, 0.279, -0.344, 0.057, -0.007, -0.118, -0.278, -0.202, 0.128, 0.046, -0.037, -0.024, 0.114, 0.125, -0.205, -0.242, 0.648
0.546, 0.478, -1.585, 0.631, 0.578, -0.014, 0.447, 0.018, 0.142, -0.149, -0.23, -0.222, -0.669, -0.028, -0.493, 0.59, -0.546, -0.267, -0.354, -1.263, -0.691, -0.375, -0.863, -1.078, -1.035, -0.894, 0.362, 0.453, 0.337, 0.351, 0.087, -0.147, 0.219, 0.281, -0.226, -0.56, -0.051, -0.17, -0.047, -0.126, 0.228, -0.282, -0.982, 0.326, 0.279, 0.223, -0.224, 0.443, 0.052, -0.814, -0.881, -0.528, -0.841, 0.053, 0.298, 0.042, -0.407, 0.056, 0.395, -0.019, -0.12, 0.16, 0.871, -0.437
-0.012, 0.036, 0.354, -0.169, -0.704, -0.858, -0.622, -0.052, -0.472, 0.005, 0.355, 0.215, -0.231, -0.556, -0.59, -0.154, -0.132, 0.172, 0.069, 0.152, -0.391, 0.002, 0.156, -0.174, 0.253, 0.086, -0.262, -0.28, -0.136, -0.431, -0.074, 0.012, 0.072, -0.399, 0.014, 0.171, 0.093, 0.15, -0.022, -0.147, -0.203, -0.311, 0.102, 0.031, -0.052, -0.035, 0.082, -0.328, -0.132, 0.277, -0.041, -0.188, -0.066, 0.338, 0.107, -0.028, -0.425, 0.138, -0.028, 0.238, 0.032, -0.332, -0.133, -0.678
0.386, 0.397, 0.319, -0.415, 0.303, 0.372, 0.057, -0.232, -0.009, 0.387, -0.081, 0.517, 0.316, 0.037, 0.068, -0.245, -0.729, 0.244, -0.248, -0.987, -1.317, -0.098, -0.332, 0.097, -0.265, -0.461, 0.302, 0.485, -0.167, 0.355, -0.431, 0.42, -0.159, -0.065, -0.234, 0.531, 0.031, 0.11, -0.255, -0.37, 0.045, -1.112, -1.212, -0.42, -0.337, 0.36, 0.327, -0.145, 0.322, -0.162, -0.112, -0.112, 0.621, 0.036, -0.09, -0.4, -0.759, 0.041, 1.479, 0.109, -7.631, 0.433, -0.061, 1.627
-0.131, -0.094, 0.161, 0.201, 0.443, 0.174, 0.285, 0.146, 0.138, -0.196, -0.017, -0.121, 0.013, 0.26, 0.157, 0.1, 0.009, 0.366, 0.017, -0.354, -0.134, -0.064, 0.003, -0.506, 0.027, -0.138, 0.173, -0.204, 0.287, 0.246, 0.121, -0.091, 0.248, 0.241, 0.155, -0.04, 0.131, 0.142, 0.185, 0.104, -0.248, -0.044, -0.091, -0.058, -0.109, 0.009, 0.001, -0.027, -0.213, -0.283, -0.12, -0.185, 0.25, -0.21, -0.317, -0.26, -0.171, -0.473, -0.491, 0.398, 0.485, -0.126, -0.344, 0.851
0.306, 0.4, -1.477, 0.774, 0.575, 0.826, 0.243, 0.041, 0.07, -0.047, -0.06, -0.038, -0.085, -0.021, -0.176, 0.14, -0.457, -8.183, -0.158, -0.714, -0.603, -0.278, -0.678, -1.135, -0.568, -0.189, 0.299, 0.575, 0.616, 0.627, 0.031, -0.001, 0.299, 0.351, 0.232, -1.682, -0.119, 0.131, -0.234, -0.321, -0.144, -0.189, -0.247, 0.108, 0.446, 0.14, -0.106, 0.25, 0.243, -0.522, -1.105, -0.35, -0.35, 0.233, 0.165, -0.1, -0.081, 0.265, 0.247, 0.003, 0.06, -0.393, -7.795, 0.513
-0.009, -0.074, -0.146, -0.263, -0.735, -0.031, -0.483, -0.094, 0.098, 0.037, -0.114, -0.013, 0.329, -0.114, -0.103, -0.031, 0.01, 0.205, 0.134, 0.425, 0.177, 0.224, 0.19, 0.298, -0.049, 0.097, -0.234, -0.419, -0.439, -0.12, -0.444, -0.165, -0.198, -0.1, -0.058, -0.255, -0.141, 0.171, -0.215, 0.007, 0.272, 0.175, 0.1, -0.066, 0.491, -0.104, -0.117, 0.211, -0.176, 0.133, 0.27, 0.07, 0.289, -0.085, 0.069, -0.045, -0.053, -0.02, -0.523, -0.102, -0.069, -0.123, -0.271, -0.663
-0.13, -0.046, 0.017, -0.286, -0.821, 0.346, -0.256, 0.022, -0.108, -0.073, -0.197, -0.084, -0.645, 0.436, -0.011, -0.003, 0.184, -0.474, -0.193, -0.031, -0.208, -0.343, -0.204, -0.334, -0.172, -0.138, -0.186, -0.639, -0.154, -0.636, -0.233, -0.416, -0.148, -0.387, -0.36, -0.37, -0.366, -0.408, -0.159, -0.464, 0.34, 0.385, 0.121, 0.108, -0.026, 0.17, -0.161, 0.096, 0.259, -0.016, 0.419, 0.166, 0.821, -0.133, 0.146, -0.202, -0.273, -0.033, 0.866, 0.007, 0.232, 0.695, 0.895, 0.503
-0.022, -0.082, 0.115, -0.096, -0.189, -0.26, -0.242, 0.087, -0.246, -0.017, 0.072, 0.305, 0.031, -0.148, -0.056, 0.017, -0.053, 0.169, 0.071, 0.427, 0.031, -0.054, -0.043, 0.261, 0.022, -0.121, -0.101, 0.15, 0.179, 0.085, -0.141, 0.107, -0.024, -0.053, -0.184, 0.018, 0.02, 0.025, 0.072, 0.195, -0.179, 0.164, -0.033, 0.083, -0.071, -0.196, 0.165, -0.027, 0.219, 0.037, 0.045, 0.002, 0.164, 0.037, -0.273, 0.085, 0.308, 0.328, -0.041, -0.207, -0.739, -0.003, -0.363, -0.062
0.039, -0.031, 0.097, 0.016, 0.403, -0.178, -0.115, 0.123, 0.061, -0.207, -0.296, 0.044, -0.643, 0.326, 0.409, -0.066, -0.147, 0.481, -0.45, -0.201, -0.518, 0.081, -0.001, 0.046, -0.31, -0.275, -0.356, -0.02, -0.351, -0.515, 0.233, -0.176, 0.25, -0.117, -0.047, -0.999, -0.261, -0.727, 0.153, 0.422, 0.257, 0.365, 0.112, -0.234, -0.627, 0.194, 0.55, -0.106, -0.087, -0.135, -0.242, -0.17, -0.095, 0.103, -0.205, 0.049, -0.394, -0.422, 0.551, -0.213, -0.196, 0.397, 0.047, -1.261
0.102, 0.264, -1.495, 0.317, 0.068, 0.104, 0.087, -0.126, 0.12, -0.011, 0.066, -0.475, 0.149, -0.072, 0.176, 0.0, 0.022, -0.093, 0.136, -0.592, -0.006, -0.12, -0.317, 0.343, 0.33, -0.14, -0.109, -0.62, 0.043, 0.195, -0.009, -0.544, 0.006, 0.111, 0.13, 0.046, 0.035, -0.182, -0.098, -0.074, -0.028, 0.097, 0.0, 0.047, -0.411, 0.002, -0.007, 0.039, -0.175, 0.002, -0.012, 0.034, -0.134, -0.041, 0.158, 0.032, -0.19, 0.331, 1.111, -0.194, -0.685, 0.052, -0.036, -0.245
0.043, 0.042, 0.012, -0.093, 0.348, 0.088, 0.198, -0.172, 0.014, 0.052, -0.027, -0.155, 0.292, -0.002, -0.291, 0.018, -0.07, 0.091, 0.105, -0.2, 0.151, -0.097, 0.162, -0.074, -0.093, 0.223, -0.095, 0.165, -0.073, -0.089, -0.034, -0.012, 0.035, 0.149, 0.042, 0.1, -0.058, -0.138, 0.056, -0.037, -0.06, -0.038, -0.021, -0.072, 0.032, 0.036, 0.067, -0.069, -0.077, 0.031, 0.143, 0.076, -0.027, -0.086, 0.204, 0.186, 0.136, 0.046, 0.31, -0.457, 0.106, -0.093, 0.159, 0.183
-0.224, -0.106, -1.194, 0.43, 1.014, 0.472, 0.645, 0.192, 0.475, -0.353, -0.614, -0.377, -0.027, 0.459, 0.168, -0.136, 0.219, 0.211, -0.127, -0.625, -0.427, -0.358, -1.25, -0.533, -0.459, -0.463, 0.31, 0.976, 0.361, 0.597, -0.447, 0.188, -0.236, -0.234, 0.218, 0.43, 0.332, -0.108, -0.584, -0.982, 0.328, 0.273, 0.135, 0.323, 0.403, -0.494, -0.052, 0.289, 0.718, -0.451, -0.399, -0.538, -0.34, 0.123, 0.266, 0.317, 0.073, 0.548, 1.151, -0.594, -0.086, -0.299, 0.799, -0.404
-0.032, 0.039, 0.083, -0.134, -0.225, -0.245, -0.263, -0.07, -0.087, 0.004, 0.061, 0.258, 0.032, -0.399, -0.051, 0.003, -0.153, 0.143, 0.01, 0.483, 0.139, 0.077, 0.085, 0.229, -0.136, -0.1, 0.007, 0.005, 0.036, -0.043, -0.05, 0.211, -0.014, 0.051, -0.206, -0.175, -0.048, -0.182, 0.117, 0.353, -0.126, -0.078, -0.146, -0.015, 0.14, -0.055, -0.009, 0.069, 0.002, 0.045, 0.122, 0.073, 0.152, 0.029, -0.215, -0.132, 0.203, 0.179, 0.012, 0.065, -0.244, 0.084, -0.361, -0.021
-0.014, -0.165, 0.146, -0.0, -0.002, 0.158, 0.399, 0.325, 0.24, -0.149, -0.282, -0.149, -0.327, 0.549, 0.729, -0.009, 0.24, 0.215, -0.354, -0.426, -0.439, -0.339, -0.219, -0.063, -0.126, -0.301, 0.157, -0.316, -0.135, -0.341, 0.161, -0.299, -0.009, -0.198, -0.121, 0.055, -0.006, -0.409, 0.104, 0.147, 0.304, 0.289, 0.362, -0.009, -0.087, 0.122, 0.156, -0.189, -0.281, -0.215, -0.21, -0.424, -0.175, 0.024, 0.106, 0.004, 0.245, -0.409, -0.609, -0.009, -0.508, 0.076, 0.075, -0.722
-0.006, -0.128, 0.112, -0.328, -0.076, -0.262, -0.321, 0.098, -0.099, 0.082, -0.113, 0.305, -0.114, -0.009, -0.133, -0.034, -0.092, 0.213, -0.039, 0.442, 0.161, 0.004, 0.098, -0.016, -0.239, -0.211, 0.006, -0.081, 0.026, 0.135, -0.106, 0.354, -0.031, 0.02, 0.118, 0.424, -0.003, -0.026, -0.065, 0.062, -0.046, 0.057, 0.026, 0.032, -0.067, -0.095, 0.056, 0.091, -0.032, 0.035, -0.036, 0.006, 0.127, -0.019, -0.057, 0.034, 0.317, 0.261, 0.204, -0.312, -0.717, -0.003, -0.44, -0.544
0.011, -0.222, 0.386, -0.114, 0.348, 0.012, 0.144, 0.076, 0.104, 0.057, -0.239, -0.05, -0.311, 0.114, 0.244, 0.127, 0.079, 0.114, -0.171, -0.263, -0.152, -0.307, 0.079, 0.212, -0.122, -0.099, 0.06, 0.458, -0.208, -0.806, 0.103, -0.806, 0.173, -0.083, -0.134, 0.219, -0.2, 0.012, -0.047, -0.212, 0.075, 0.126, -0.115, -0.082, -0.129, 0.201, 0.214, -0.323, -0.389, -0.082, -0.211, -0.193, 0.005, 0.155, -0.176, 0.245, 0.47, -0.34, 0.405, -0.118, -0.006, 0.728, -0.539, -7.838
-0.002, 0.052, 0.1, -0.014, -0.033, 0.16, 0.104, -0.106, -0.07, -0.013, 0.06, -0.201, 0.248, -0.012, -0.279, 0.028, -0.04, -0.0, 0.027, -0.462, 0.456, -0.079, 0.069, 0.176, -0.054, 0.273, -0.109, -0.205, -0.105, -0.014, -0.196, -0.253, 0.105, 0.194, -0.098, -0.003, -0.075, -0.032, 0.11, 0.029, -0.053, -0.05, -0.08, -0.111, -0.072, 0.077, -0.091, -0.1, -0.118, 0.062, 0.105, 0.069, -0.041, -0.069, 0.221, -0.004, 0.143, -0.081, -0.242, -0.218, -0.16, -0.011, -0.111, -0.215
-0.079, 0.139, -1.633, 0.499, 0.258, 0.465, 0.418, 0.092, 0.411, -0.171, -0.284, -0.427, 0.005, 0.346, 0.254, -0.16, 0.289, -0.731, -0.126, -0.779, -0.197, -0.505, -0.861, -0.561, -0.334, 0.436, 0.192, 0.78, 0.467, 0.45, -0.23, 0.027, -0.248, 0.122, 0.183, 0.061, 0.172, 0.151, -0.283, 0.104, 0.235, 0.234, 0.337, 0.402, 0.526, -0.264, -0.142, 0.453, 0.226, -0.494, -0.304, -0.302, -0.217, -0.009, 0.207, 0.514, 0.653, 0.78, 0.103, -0.329, -0.713, -0.133, 0.508, 1.004
0.016, -0.092, 0.05, -1.124, -1.475, -1.095, -0.93, 0.229, 0.03, 0.054, -0.068, 0.211, 0.106, -0.125, -0.016, 0.009, -0.075, 0.032, 0.06, 0.288, 0.129, 0.061, 0.042, 0.28, -0.034, -0.215, -0.017, -0.225, -0.015, -0.08, 0.041, 0.045, -0.025, 0.044, -0.316, -0.081, -0.064, -0.057, -0.106, 0.421, -0.04, -0.03, -0.032, -0.012, -0.027, -0.099, 0.044, -0.078, -0.199, 0.045, 0.168, -0.004, 0.214, 0.014, -0.041, -0.17, 0.108, -0.14, -0.067, 0.03, -0.031, -0.181, -0.32, 0.082
0.018, -0.199, 0.174, -0.264, -1.402, -0.276, -0.1, 0.169, 0.016, -0.104, -0.25, -0.11, -0.216, 0.321, 0.18, -0.033, 0.157, 0.231, -0.495, -0.627, -0.48, -0.233, -0.172, -0.055, -0.293, -0.607, 0.11, 0.708, 0.1, -0.151, -0.026, 0.141, 0.01, -0.275, -0.391, 0.134, 0.285, 0.073, 0.214, 0.897, 0.135, 0.103, 0.108, 0.07, -0.099, 0.24, 0.065, 0.281, 0.371, -0.273, -0.352, -0.199, -0.176, -0.001, -0.061, 0.286, 0.363, 0.104, -0.156, 0.116, -0.081, 0.626, -0.176, -0.057
-0.131, 0.292, 0.014, 0.034, -0.241, 0.209, 0.007, -0.127, -0.053, -0.03, 0.165, -0.227, 0.267, -0.104, -0.023, 0.028, -0.018, -0.06, 0.117, -0.17, 0.274, -0.024, 0.119, 0.113, 0.015, 0.408, -0.105, -0.186, -0.123, -0.1, -0.234, -0.075, 0.078, 0.062, 0.08, 0.325, 0.083, 0.067, -0.168, -0.438, -0.018, -0.135, 0.013, -0.17, 0.029, 0.066, -0.066, -0.148, -0.19, 0.108, 0.118, 0.129, 0.061, -0.313, 0.393, 0.076, -0.02, 0.133, 0.28, -0.454, -0.001, 0.101, -0.118, -0.25
0.038, 0.28, -1.082, 0.506, 0.281, 0.657, 0.39, 0.146, 0.366, -0.342, -0.326, -0.656, -0.27, 0.337, 0.146, -0.131, -0.011, 0.463, -0.344, -1.075, -0.235, -0.655, -1.028, -0.774, -0.669, 0.051, 0.365, 0.81, 0.34, 0.474, -0.144, 0.025, 0.068, 0.305, 0.276, 0.363, 0.06, 0.248, -0.165, -0.355, 0.231, -0.135, -0.057, 0.435, 0.551, -0.184, -0.14, 0.482, 0.471, -0.772, -0.313, -0.745, -0.672, 0.442, 0.384, 0.437, 0.142, 0.714, 0.815, -0.275, 0.03, -0.165, -0.099, 0.203
0.078, -0.23, 0.224, -0.043, -0.169, -0.486, -0.378, -0.062, -0.051, 0.203, 0.311, 0.533, 0.19, -0.158, 0.064, 0.037, -0.075, 0.136, 0.135, 0.648, 0.147, 0.053, 0.099, 0.239, -0.026, -0.268, -0.22, -0.165, -0.085, 0.017, -0.011, -0.138, -0.002, 0.084, 0.187, -0.069, 0.368, 0.543, -0.253, -0.398, -0.084, 0.036, 0.012, -0.175, -0.162, -0.207, -0.093, -0.234, -0.102, 0.018, -0.134, -0.137, 0.095, 0.03, -0.055, 0.367, 0.143, -0.042, 0.103, -0.513, -0.883, -0.435, -0.969, -0.668
0.174, 0.233, 0.467, 0.077, -0.345, -0.094, -0.655, 0.15, 0.062, 0.018, 0.235, -0.045, 0.387, 0.498, 0.151, 0.223, -0.146, 0.317, -0.11, -0.035, 0.018, -0.04, 0.006, -0.356, -0.056, -0.914, -0.418, 1.017, -0.11, -0.232, -0.414, -0.741, -0.116, -0.102, 0.234, -1.275, 0.177, 0.538, 0.367, -0.319, 0.203, 0.408, -0.199, 0.043, -0.391, -0.029, -0.069, -0.355, 0.078, -0.449, -0.751, -0.632, -0.278, -0.016, -0.205, -0.12, -0.584, 0.168, -0.543, -0.271, -0.037, -0.141, -0.922, -0.621
0.028, -0.054, 0.142, 0.297, 0.951, 0.657, 0.359, 0.274, 0.423, -0.308, -0.341, -0.846, -0.036, 0.389, 0.309, 0.07, 0.044, -0.136, -0.259, -1.404, -0.159, -0.493, -0.232, 0.01, 0.168, 0.08, -0.36, -1.381, 0.001, -0.125, -0.064, -1.599, -0.244, 0.233, -0.855, -1.034, -0.358, -1.455, -0.066, -0.018, -0.014, 0.422, 0.042, 0.117, 0.192, -0.015, 0.234, 0.081, 0.354, -0.254, -0.105, 0.084, 0.066, -0.24, -0.141, 0.133, 0.809, 0.12, -0.303, -0.547, -0.713, 0.035, 0.928, 1.566
-0.099, 0.033, -1.778, 0.769, 0.794, -0.053, 0.415, 0.19, 0.533, -0.408, 0.398, -1.046, -0.208, 0.217, -0.045, -0.167, 1.176, -6.145, -0.208, 0.188, -0.143, -0.069, -1.381, 0.56, -0.965, 0.225, -0.378, -6.004, -0.502, 0.907, 0.106, -0.008, -0.299, 0.814, -0.074, 0.558, 0.274, 1.677, 0.465, 0.82, -0.172, -0.272, 0.592, -0.498, 0.653, 0.249, 0.121, -0.342, -0.729, -0.184, 0.308, -0.17, -0.195, -0.263, 0.678, -0.878, -0.543, -0.303, 1.289, -1.18, 1.284, 0.71, -5.998, -5.696
-0.092, 0.05, -0.396, -0.09, -0.422, 0.281, 0.017, -0.35, -0.041, -0.351, -0.298, -0.423, 0.02, -0.346, -0.485, -0.087, 0.007, -0.202, -0.066, -0.531, 0.417, -0.076, -0.156, 0.095, 0.078, 0.59, 0.296, 0.14, 0.132, 0.454, 0.099, 0.127, 0.102, 0.401, -0.751, -1.218, -0.585, -0.791, 0.557, -0.117, -0.047, -0.176, -0.005, 0.093, 0.199, 0.183, 0.035, 0.181, 0.099, 0.179, 0.167, 0.191, -0.007, 0.006, 0.299, 0.13, -0.15, 0.001, 0.43, -0.03, 0.49, -0.024, 0.146, 0.352
-0.255, 0.029, -1.09, 0.988, 1.077, 1.04, 0.733, 0.287, 0.711, -0.462, -0.785, -0.203, 0.229, 0.678, -0.119, -0.471, -0.11, 0.352, -0.373, -1.609, 0.053, -0.345, -0.75, -0.138, 0.183, 0.374, -0.277, 0.493, -1.606, 0.815, -1.151, -1.111, -1.179, -0.29, 0.381, -0.546, -0.082, 0.237, -0.533, -0.571, 0.069, 0.416, -0.106, 0.026, 0.648, 0.182, -1.165, 0.26, 0.247, -0.154, 0.632, 0.146, -0.382, -0.114, 0.586, -0.441, -0.953, -0.153, 1.572, -0.491, 0.468, 0.118, 1.416, 0.801
-1.056, 0.578, -0.889, -0.279, 1.42, 1.825, -1.598, -0.644, -0.45, -0.912, -0.437, -0.703, 0.423, -2.194, -0.076, -1.115, -0.198, -0.899, -0.797, -5.805, -6.541, 0.98, -1.07, -7.423, 1.138, 0.248, 0.225, 1.912, -0.88, -6.379, -0.942, 0.197, -0.787, -1.061, -1.883, 1.745, -1.247, -7.599, -0.768, 0.11, -0.243, -0.161, -0.171, -0.458, 0.383, -0.33, -0.322, -0.422, 0.472, -0.882, 0.069, -1.449, -0.152, -0.647, 0.896, -2.581, -1.148, -0.214, 1.378, 0.008, 0.274, -0.791, 0.284, 0.115
-0.346, 1.345, 0.004, 1.307, 1.332, 2.564, 0.799, -0.301, 0.155, 1.59, 0.168, -6.312, 0.334, -0.202, 0.817, 1.281, 0.12, -6.508, -6.407, -4.507, -5.243, 1.585, -7.373, -6.125, -6.551, 1.547, 0.83, 3.21, -6.49, 1.827, 0.357, 1.495, -0.182, 1.336, -7.492, -5.474, -0.354, 0.607, 0.53, 2.389, 0.545, 0.038, -0.259, 0.078, 1.863, -1.111, 0.976, -0.04, 2.058, 0.822, 1.368, 0.948, -5.762, 0.315, 1.138, -8.191, 0.843, 1.084, -4.925, 0.613, 1.572, -0.186, 1.448, 0.497
0.544, 1.136, 0.305, 0.916, -5.274, -5.429, 0.695, 0.0, 0.456, -0.411, -0.224, -6.011, -6.272, 1.486, 1.119, -0.209, 0.421, 1.8, -6.105, -4.205, -4.941, -5.715, -0.163, 1.085, 1.351, -5.06, -5.776, -3.396, -6.188, -4.779, 1.064, 1.797, 0.525, 1.637, 0.41, -5.173, -7.653, 2.008, 0.544, 2.557, 0.441, -6.568, 0.736, -0.18, 1.472, 0.695, 1.46, -7.339, -5.934, 0.025, 0.976, 0.151, 2.141, -0.705, 0.053, -7.889, 0.452, -6.909, 2.284, 1.068, 3.127, -0.801, 0.903, 1.897
