-0.186, -0.146, 0.281, -0.225, 0.03, -0.31, -0.244, 0.533, -0.055, -0.039, -0.003, 0.301, 0.074, -0.154, 0.239, -0.294, -0.117, -0.183, 0.045, 0.353, 0.275, 0.021, 0.056, -0.035, -0.162, 0.186, 0.225, 0.36, 0.155, 0.212, -0.191, 0.149, -0.08, 0.014, 0.188, 0.582, 0.24, 0.337, -0.414, -0.36, -0.031, -0.028, -0.155, -0.061, 0.128, -0.915, -0.318, 0.151, -0.002, -0.022, 0.193, 0.151, 0.229, -0.511, -0.391, 0.173, 0.084, 0.325, 0.482, -0.559, -0.379, -0.19, 0.173, 0.028
-0.374, 0.688, -0.812, 0.156, -0.554, -0.291, -0.356, 0.216, -0.406, -0.213, 0.204, -0.366, -0.25, 0.052, -0.187, -0.235, -0.405, -0.463, 0.327, -0.181, 0.034, 0.102, -0.242, -0.192, 0.248, 0.1, -0.06, -0.635, -0.359, 0.319, 0.091, -0.229, 0.114, -0.09, 0.081, 0.385, 0.194, 0.366, -0.228, -0.251, -0.332, -0.568, -0.026, -0.34, -0.243, 0.329, 0.047, -0.467, -0.507, 0.278, 0.458, 0.197, -0.016, 0.539, 0.097, -1.179, -1.053, 0.181, 0.002, 0.51, 0.804, 0.486, 1.22, 0.946
-0.134, -0.168, 0.363, 0.085, 0.026, -0.309, -0.007, -0.173, 0.124, -0.014, -0.092, -0.095, -0.211, 0.06, -0.03, 0.38, 0.332, 0.082, -0.265, -0.318, -0.867, -0.215, 0.244, -0.145, -0.221, -0.227, -0.256, -0.999, -0.28, -0.99, 0.192, -0.302, 0.157, -0.019, -0.225, -0.499, -0.119, -0.682, -0.062, -0.01, 0.091, 0.217, 0.21, 0.134, -0.086, 0.502, 0.565, -0.112, 0.058, -0.234, -0.162, -0.466, -0.351, 0.137, 0.663, 0.212, -0.02, -0.054, -1.159, -0.656, -0.618, -0.189, -0.42, -0.88
-0.884, -0.113, -0.412, -0.062, -0.112, -0.229, -0.14, -0.11, -0.515, 0.063, 0.13, 0.148, -0.073, 0.076, -0.39, -0.962, -0.058, -0.236, 0.489, 0.568, 0.163, 0.449, 0.229, 0.308, 0.418, 0.268, 0.023, -0.485, -0.137, 0.176, -0.131, -0.006, -0.198, -0.467, 0.46, 0.605, 0.205, 0.188, -0.402, -0.731, -0.456, -0.452, -0.025, -0.108, -0.27, -0.118, 0.035, -0.181, -0.523, 0.138, 0.126, 0.138, 0.149, 0.094, -0.563, -0.668, -0.009, -0.05, 0.117, 0.282, -0.134, 0.705, 0.207, 1.036
-0.223, -0.249, 0.307, 0.269, 0.462, -0.492, 0.14, 0.229, 0.972, -0.826, -0.954, -0.903, -1.393, 0.995, 0.954, 0.708, 0.691, 0.872, -1.295, -1.525, -2.105, -1.224, -0.549, -0.795, -0.734, -1.621, -0.339, -0.096, -0.792, -1.663, -0.701, -1.387, -1.373, -1.189, -0.026, 0.07, -0.429, -0.444, -0.06, 0.337, 0.949, 0.827, 0.664, -0.012, -0.325, 0.616, 0.777, 0.308, 0.303, -1.36, -1.715, -1.351, -1.496, 0.252, 0.795, 0.037, 0.06, -0.363, -1.451, 0.165, -0.228, -0.488, -0.499, -0.793
0.677, 0.528, -0.958, -0.008, 0.306, 0.056, 0.025, -0.3, -1.176, 0.276, 0.149, 0.443, 0.031, -0.519, -0.861, 0.198, -0.614, -0.609, -0.17, -0.327, -0.158, 0.239, -0.147, 0.067, 0.167, 0.094, 0.115, 0.34, -0.275, -0.696, 0.486, 0.587, 0.389, 0.399, 0.151, 0.217, -0.264, -0.471, -0.32, -0.514, -0.494, -1.586, -0.58, -0.022, -0.276, -0.455, -0.236, -0.076, -0.453, 0.015, 0.083, 0.346, 0.216, -0.105, -0.498, -0.338, -0.195, 0.076, -0.083, 0.514, 0.472, -0.602, -0.718, -1.377
-0.854, -0.386, -0.201, -0.117, 0.183, -0.42, 0.249, 0.102, 0.017, -0.072, 0.135, 0.139, -0.352, -0.146, 0.118, -0.566, 0.327, 0.477, -0.027, 0.142, -0.095, 0.144, 0.558, 0.123, 0.296, 0.092, 0.436, 0.074, 0.238, -0.004, -0.712, -1.418, -1.004, -1.316, 0.344, 0.289, 0.219, 0.056, -0.728, -0.553, 0.46, 0.607, 0.297, 0.226, -0.252, -0.582, -0.217, 0.405, 0.54, 0.185, 0.028, -0.102, -0.043, -0.446, -0.732, 0.664, 0.513, 0.113, -0.382, -0.335, -0.506, -0.144, -0.213, 0.3
-0.326, 0.392, -0.252, 0.38, -0.254, 0.209, -0.044, 0.226, -0.252, -0.25, 0.185, -0.266, -0.088, 0.091, -0.581, -0.57, -0.16, -0.626, 0.218, -0.158, 0.041, 0.007, -0.217, -0.145, 0.223, 0.119, -0.113, -0.041, 0.088, 0.306, -0.146, -0.032, 0.083, 0.055, 0.225, 0.439, 0.389, 0.352, -0.38, -0.357, -0.431, -0.778, -0.116, 0.039, 0.111, 0.128, -0.063, -0.142, -0.328, 0.234, 0.253, 0.093, 0.061, 0.298, -0.337, -0.729, -0.506, 0.387, 0.293, 0.323, 0.35, 0.336, -0.313, 0.691
0.785, 0.297, -0.894, -0.042, 0.011, 0.162, 0.099, -0.523, -0.68, 0.222, 0.246, 0.115, 0.235, -0.607, -0.724, 0.299, -0.542, -0.725, 0.129, -0.357, -0.052, 0.068, -0.703, -0.368, 0.026, -0.031, -0.184, -0.136, 0.147, -0.188, 0.414, 0.622, 0.51, 0.234, 0.019, -0.147, 0.053, -0.023, -0.388, -0.249, -0.632, -0.88, -0.554, -0.049, 0.155, -0.194, 0.116, -0.373, -0.244, -0.023, -0.072, 0.199, -0.012, 0.184, -0.232, -0.376, -0.298, 0.034, -0.156, 0.144, -0.133, -0.161, -0.393, -0.951
-0.201, -0.361, 0.292, -0.013, -0.009, 0.039, 0.239, 0.268, -0.003, 0.018, 0.156, 0.151, 0.123, -0.264, -0.221, -0.149, 0.234, 0.021, -0.045, 0.167, 0.004, -0.117, 0.314, -0.068, 0.069, 0.337, 0.273, 0.444, 0.121, 0.172, -0.632, -0.612, -0.58, -0.678, 0.285, 0.475, 0.181, 0.391, -0.562, -0.216, 0.248, 0.26, 0.217, 0.178, 0.26, -0.556, -0.422, 0.243, 0.422, -0.009, 0.124, -0.189, -0.05, -0.318, -0.208, 0.344, 0.376, 0.2, 0.114, -0.425, -0.393, -0.391, 0.142, 0.467
-0.705, -0.251, -0.72, -0.608, -0.691, -0.278, -0.361, 0.101, -0.24, -0.2, -0.061, -0.202, 0.124, -0.001, -0.302, -0.696, -0.48, -1.155, 0.535, 0.316, 0.56, 0.295, -0.105, -0.26, 0.179, 0.289, -0.154, -0.455, 0.146, 0.136, 0.272, 0.425, 0.365, 0.493, 0.343, 0.204, 0.306, 0.573, -0.45, -0.481, -0.826, -1.109, -0.317, -0.172, -0.317, -0.01, 0.298, -0.787, -0.615, 0.374, 0.308, 0.344, 0.093, 0.203, -0.908, -0.365, -0.545, -0.2, -0.069, 0.07, 0.25, 0.321, 0.177, 0.344
0.248, -0.467, 0.406, 0.002, -0.003, -0.725, 0.142, 0.048, 0.787, -0.313, -0.454, -0.731, -0.396, 0.776, 0.342, 0.563, 0.417, 0.711, -0.487, -1.191, -1.177, -0.689, -0.232, -0.082, -0.168, -0.884, -0.493, -0.767, -0.898, -1.331, -0.256, -0.854, -0.582, -0.921, -0.312, -0.659, -0.573, -1.01, 0.263, 0.692, 0.605, 0.142, 0.29, -0.132, -0.481, 0.658, 0.617, -0.004, -0.072, -0.745, -0.777, -0.545, -1.328, 0.242, 0.666, -0.1, -0.012, -0.44, -1.222, -0.106, -0.332, -0.096, -0.693, 0.045
0.625, -0.018, -1.169, 0.047, -0.649, -0.251, -0.163, -0.666, -1.097, 0.258, 0.049, 0.366, 0.482, -0.807, -1.139, -0.042, -1.054, -1.823, 0.194, -0.13, 0.208, 0.147, -0.672, -0.418, -0.037, 0.114, -0.052, 0.138, 0.193, 0.276, 0.593, 0.958, 0.55, 0.867, -0.296, -0.212, -0.256, -0.231, -0.43, -0.421, -0.887, -1.759, -1.01, -0.094, 0.121, -0.466, -0.436, 0.027, -0.736, 0.046, 0.163, 0.574, 0.176, 0.071, -0.205, -0.156, -0.163, -0.037, 0.321, 0.203, 0.159, -0.206, -0.118, -0.305
-0.318, 0.206, 0.453, -0.004, -0.197, -0.425, -0.476, 0.277, -0.613, -0.008, 0.343, 0.435, 0.161, -0.779, 0.023, -0.035, -0.146, -0.088, 0.217, 0.421, 0.434, 0.033, 0.31, 0.18, 0.05, 0.102, -0.258, -0.32, -0.32, -0.281, -0.12, 0.148, 0.148, -0.298, 0.087, -0.286, 0.347, 0.107, -0.417, -0.296, -0.141, -0.214, -0.228, -0.264, -0.23, -0.156, 0.112, -0.262, -0.553, 0.248, 0.257, 0.18, 0.383, -0.138, -0.19, -0.693, -0.936, -0.009, -0.185, 0.218, 0.231, -0.057, 0.132, -0.233
-0.685, 0.02, 0.234, 0.656, 0.446, -0.504, 0.483, 0.323, 0.369, -0.69, -0.641, -0.928, -1.185, 0.62, 0.661, 0.078, 0.379, -0.14, -0.732, -1.022, -1.379, -0.812, -0.439, -0.866, -0.795, -1.127, 0.387, 0.143, 0.673, -0.275, 0.023, -0.133, -0.017, -0.28, 0.146, 0.185, 0.486, -0.375, -0.606, -0.716, 0.226, 0.448, 0.393, 0.585, 0.005, -0.064, 0.434, 0.433, 0.697, -1.09, -1.189, -1.151, -1.078, 0.18, 0.466, 0.755, 0.585, 0.368, -0.523, -0.138, -0.045, 0.08, 0.353, -0.212
0.329, 0.11, -1.038, -0.091, -0.08, 0.459, 0.047, -0.188, -0.036, -0.005, 0.076, -0.116, 0.052, 0.036, -0.09, 0.0, 0.142, -0.45, 0.157, -0.311, 0.112, -0.003, -0.545, 0.085, 0.297, 0.324, 0.085, 0.143, -0.091, -0.077, -0.127, 0.161, 0.012, -0.019, -0.052, -0.147, -0.173, -0.189, 0.243, 0.06, -0.071, 0.121, 0.0, -0.195, 0.295, -0.077, 0.141, -0.161, 0.222, 0.017, -0.041, -0.009, 0.018, 0.058, -0.111, -0.199, -0.129, 0.014, 0.237, 0.326, 0.157, 0.161, -0.49, -0.024
-0.122, 0.046, 0.388, -0.163, -0.053, 0.226, -0.198, 0.077, -0.131, -0.242, -0.013, 0.279, 0.727, -0.038, -0.023, 0.068, -0.14, 0.068, 0.03, 0.291, 0.463, 0.115, 0.158, 0.474, 0.014, 0.307, -0.157, 0.805, -0.292, 0.045, -0.016, 0.354, -0.041, 0.399, -0.278, -0.167, -0.001, 0.153, -0.658, -0.016, -0.273, -0.482, -0.203, -0.342, 0.036, 0.017, -0.034, -0.151, -0.458, 0.099, 0.232, 0.201, -0.074, 0.039, -0.183, -0.225, -0.145, -0.089, 0.193, -0.078, 0.099, -0.64, -0.061, 0.674
-0.271, -0.131, -0.392, 0.011, 0.002, -0.073, -0.077, 0.088, 0.389, -0.393, -0.904, -0.947, -0.145, 0.155, -0.139, -0.183, 0.222, -0.021, -0.796, -0.402, -1.068, -0.522, -0.767, -0.6, -0.42, -1.585, 0.355, 0.228, -0.104, -0.172, -0.314, -0.418, -0.704, 0.238, 0.207, 0.256, 1.087, 0.402, -0.287, -0.964, 0.49, 0.581, 0.363, 0.368, 0.326, 0.06, -0.14, 0.502, 0.292, -0.511, -0.286, -0.362, -0.337, -0.325, 0.54, 0.499, -0.404, 0.513, -0.903, -0.232, 0.522, -0.134, 0.574, 0.141
-0.521, -0.306, -0.284, -0.909, -0.867, -0.607, -0.249, -0.979, -1.223, 0.414, 0.277, 0.191, 0.127, -0.763, -0.809, -0.633, -0.973, -1.214, 0.543, 0.588, 0.281, 0.403, 0.525, 0.337, 0.371, 0.431, 0.065, -0.217, 0.115, 0.618, 0.518, 0.366, 0.262, 0.255, -0.574, -0.678, -0.307, -0.035, 0.433, 0.311, -1.332, -1.225, -0.492, -0.408, -0.65, -0.004, -0.022, -0.875, -0.904, 0.412, 0.46, 0.502, 0.419, -0.11, -0.9, -0.509, -0.415, -0.117, -0.706, 0.019, 0.437, 0.22, -0.033, -0.13
0.324, -0.73, 0.119, 0.371, 0.638, 0.223, 0.819, 0.09, 0.923, -0.42, -0.964, -0.982, -1.096, 0.893, 0.782, 0.547, 0.268, 0.678, -1.038, -2.051, -2.483, -1.362, -1.499, -1.613, -1.815, -2.205, -0.481, -1.302, -0.916, -1.23, -0.814, -1.027, -1.285, -1.893, -0.26, -0.69, -0.514, -0.833, 0.481, 0.533, 0.812, 0.661, -0.354, 0.169, 0.325, 0.482, 0.501, 0.423, 0.535, -1.49, -1.185, -1.255, -1.207, 0.155, 0.749, -0.077, -0.608, -0.716, -1.507, -0.267, -1.325, 0.241, -0.189, -0.756
0.593, 0.058, -1.728, -0.12, -0.359, -0.145, 0.08, -1.276, -1.852, 0.551, 0.037, 0.292, 0.13, -1.475, -2.111, -0.568, -0.843, -1.133, 0.236, 0.088, 0.314, 0.39, -0.466, -0.49, -0.654, -0.611, 0.457, 0.501, 0.23, 0.571, 1.169, 0.969, 0.917, 0.94, -0.834, -0.561, -0.407, -0.002, -0.095, -0.44, -1.7, -1.802, -1.474, 0.08, -0.159, -0.263, -0.825, 0.016, -0.771, -0.15, -0.053, 0.525, 0.045, -0.421, -0.817, 1.128, 0.008, -0.464, -0.725, 0.085, -0.093, 0.038, -0.577, -0.429
0.059, -0.427, 0.208, -0.188, -0.096, 0.05, 0.417, -0.099, -0.193, 0.136, -0.19, -0.122, -0.335, -0.157, -0.165, 0.041, 0.279, 0.268, -0.275, -0.063, -0.067, -0.004, 0.363, -0.118, -0.004, -0.001, 0.18, -0.034, -0.031, 0.196, -0.337, -0.866, -0.499, -0.642, 0.026, -0.109, 0.05, 0.023, 0.204, 0.298, 0.187, -0.117, 0.473, 0.064, 0.204, -0.351, -0.109, 0.113, 0.134, -0.011, 0.228, -0.237, -0.04, -0.004, 0.081, 0.239, 0.123, -0.494, 0.061, 0.005, -0.119, -0.108, 0.079, 0.063
-0.256, -0.795, -0.029, -0.252, -0.113, 0.081, 0.145, -0.138, 0.301, 0.28, -0.124, 0.307, 0.338, -0.016, 0.064, -0.092, -0.064, 0.333, -0.133, 0.209, 0.184, 0.073, 0.492, 0.46, 0.372, 0.09, 0.047, 0.186, -0.079, -0.079, -0.358, -0.799, -0.353, -0.426, 0.389, 0.317, 0.372, 0.557, -0.124, -0.035, -0.042, -0.038, 0.192, 0.077, 0.128, -0.852, -0.52, -0.023, 0.137, -0.101, -0.02, -0.228, -0.025, -0.207, -0.117, 0.209, 0.088, -0.169, -0.193, -0.661, -0.85, -0.752, -0.271, -0.633
-0.088, -0.277, -0.429, -0.429, -0.224, 0.014, -0.198, 0.44, 1.045, -0.446, -0.624, -0.709, -0.377, 0.511, 0.279, -0.046, 0.664, 0.8, -0.675, -1.002, -1.034, -0.547, -0.306, -0.773, -0.186, -1.238, -0.367, -0.266, -0.232, -0.646, -1.001, -0.93, -0.925, -0.677, 0.263, -0.083, 0.082, -0.173, -0.004, -0.757, 0.975, 1.048, 0.732, -0.303, -0.544, 0.405, -0.328, -0.194, -0.001, -0.315, -0.511, -0.315, -0.127, -0.32, 0.688, 0.018, -0.469, -0.334, -0.793, -0.298, -0.35, 0.372, 0.918, 0.368
0.175, 0.008, -0.082, -0.258, -0.168, -0.111, 0.143, -0.382, -0.497, -0.118, -0.217, -0.494, 0.06, 0.158, -0.357, -0.137, -0.22, -0.5, 0.288, -0.016, 0.126, 0.144, -0.724, -0.147, -0.095, -0.384, 0.321, -0.487, 0.071, 0.111, 0.51, 0.401, 0.355, 0.781, -0.728, -1.05, -0.733, -0.751, 0.368, 0.181, -0.53, -0.888, -0.643, -0.05, -0.446, 0.51, 0.108, -0.198, -0.27, 0.232, 0.078, 0.274, 0.075, 0.121, -0.483, 0.113, 0.188, 0.34, 0.338, -0.095, 0.093, 0.417, 0.206, 0.078
0.9, 0.312, -1.033, 0.049, -0.324, -0.254, -0.017, -0.919, -0.859, 0.271, -0.197, -0.41, 0.111, -1.138, -1.444, 0.485, -1.161, -1.73, 0.122, -1.009, 0.17, 0.066, -1.411, -0.3, -0.205, -0.591, -0.106, -2.221, 0.037, 0.549, 0.335, -0.359, 0.409, 0.591, -0.464, -1.956, -0.55, -0.967, -0.1, -0.222, -0.761, -1.427, -1.183, 0.348, 0.309, 0.295, -0.127, 0.457, 0.248, 0.107, -0.043, 0.179, -0.021, 0.529, -0.047, -0.182, 0.211, 0.189, -0.048, 0.058, -0.665, -0.005, -1.075, -0.242
-0.285, -0.139, -0.116, -0.035, 0.01, 0.213, 0.241, -0.039, 0.005, 0.288, 0.193, 0.105, -0.162, -0.057, 0.263, -0.05, 0.276, 0.578, -0.176, -0.033, -0.364, 0.087, 0.317, -0.378, -0.243, -0.43, -0.021, 0.482, -0.163, -0.214, -0.488, -1.088, -0.67, -0.9, -0.038, -0.492, -0.298, -0.549, -0.089, -0.084, 0.469, 0.257, 0.445, 0.274, 0.246, -0.542, -0.412, 0.334, -0.013, 0.036, 0.218, -0.13, -0.104, -0.043, 0.216, 0.347, -0.182, -0.189, -0.364, 0.186, -0.172, 0.062, -0.555, 0.166
0.17, -0.14, 0.299, 0.921, 0.7, 0.184, 0.458, 0.39, 1.11, -0.409, -1.48, -0.775, -1.04, 0.688, 0.668, 0.261, 0.138, -0.244, -1.645, -2.026, -2.663, -1.448, -1.677, -1.214, -1.34, -1.361, -0.167, -1.052, -0.079, -2.015, -0.607, -1.627, -1.035, -0.977, -0.157, -0.339, -1.211, -0.023, -0.071, 0.059, 0.942, 0.792, -0.667, -0.021, 0.057, 0.537, 0.341, 0.569, 0.415, -1.206, -1.015, -1.044, -1.037, 0.236, 0.85, -0.469, -2.922, -0.175, -2.413, 0.013, -1.105, 0.501, 0.328, -0.191
-0.406, -0.294, 0.272, -0.203, -0.296, -0.418, 0.17, -0.805, -0.899, 0.208, 0.217, -0.002, -0.694, -0.26, -0.179, -0.142, -0.367, -0.517, 0.217, 0.239, -0.242, 0.381, 0.47, -0.09, 0.057, -0.139, -0.172, -0.278, 0.072, -0.22, 0.426, 0.142, 0.135, -0.098, 0.048, -0.581, -0.211, -0.418, 0.509, 0.351, -1.004, -0.578, -0.356, -0.265, -0.503, 0.175, 0.286, -0.582, -0.184, 0.173, 0.151, 0.301, 0.183, 0.094, -0.709, -0.028, -0.285, -0.213, -0.48, 0.22, 0.291, -0.183, -0.439, 0.335
1.139, 0.637, -0.964, 0.571, 0.111, 0.341, 0.936, -0.194, -1.111, -0.218, -0.776, -0.795, -0.963, -0.136, -0.196, 0.444, -0.269, 0.027, -0.497, -1.365, -1.636, -0.317, -0.587, -0.646, -0.597, 0.082, 0.772, 0.856, 0.109, 0.741, 0.957, 0.847, 0.863, 0.561, 0.405, 0.045, 0.088, 0.399, 0.321, -0.219, -0.831, -0.88, -0.25, 0.197, 0.257, -0.201, -0.559, 0.256, -0.411, -1.001, -0.787, -0.516, -0.538, -0.131, -0.927, -0.598, -0.139, 0.073, -0.74, 0.686, 0.449, 0.414, -0.518, -0.368
-0.107, -0.144, -0.177, -0.048, -0.151, 0.087, 0.354, 0.058, -0.257, 0.19, 0.035, -0.023, -0.444, -0.097, 0.17, -0.17, 0.183, 0.511, -0.099, 0.062, -0.268, 0.113, 0.298, -0.175, -0.083, -0.084, 0.179, -0.003, 0.06, 0.04, -0.279, -0.787, -0.528, -0.709, 0.293, 0.239, 0.027, 0.213, 0.06, 0.266, 0.257, 0.294, 0.521, 0.167, 0.397, -0.62, -0.492, 0.198, 0.221, -0.091, 0.072, -0.496, 0.085, -0.248, 0.0, 0.426, 0.16, 0.134, 0.098, 0.039, 0.847, 0.318, 0.164, 0.754
0.553, -0.328, 0.405, 0.313, 0.443, 0.215, 0.267, 0.158, 0.983, -0.562, -0.933, -0.609, -0.938, 0.623, 0.927, 0.719, 0.435, 0.501, -1.453, -1.583, -2.599, -1.298, -1.732, -1.808, -2.231, -2.535, -0.612, -0.46, -0.978, -1.592, -0.522, -0.833, -1.096, -1.264, -0.273, -0.531, -0.616, -0.314, 0.632, 0.403, 0.773, 0.613, -0.336, -0.029, 0.392, 0.644, 0.628, 0.228, 0.576, -1.317, -0.829, -1.017, -0.88, -0.11, 0.979, -0.582, -0.803, -0.902, -0.998, 0.032, -0.665, -1.179, -0.074, -0.174
-0.527, -0.445, -0.358, -0.461, -0.617, -0.431, -0.168, -0.504, -1.078, 0.294, 0.176, -0.024, -0.006, -0.538, -0.772, -0.648, -0.519, -1.17, 0.228, 0.472, 0.273, 0.438, 0.511, 0.285, 0.409, 0.475, 0.153, -0.424, 0.207, 0.565, 0.409, 0.39, 0.252, 0.193, -0.274, -0.699, -0.517, -0.302, 0.25, 0.128, -1.363, -1.212, -0.516, -0.373, -0.466, -0.055, 0.014, -0.64, -0.7, 0.347, 0.511, 0.402, 0.424, 0.068, -0.517, -0.406, -0.348, 0.015, 0.247, 0.207, 0.089, -0.548, -1.227, 0.508
0.717, 0.417, -0.949, 0.161, -0.116, 0.565, 0.393, -0.804, -1.388, 0.516, 0.308, 0.087, 0.287, -1.041, -1.563, -0.169, -0.909, -2.078, 0.078, -0.377, -0.093, 0.316, -0.28, -0.123, -0.462, -0.212, 0.241, 0.181, 0.128, -0.032, 0.99, 0.587, 0.501, 0.863, -0.496, -1.008, -0.507, -0.423, 0.235, -0.622, -1.572, -1.808, -0.33, -0.12, -0.224, -0.34, -0.619, -0.032, -0.302, -0.171, 0.286, 0.408, 0.152, -0.274, -0.674, 0.019, 0.205, -0.174, -0.024, 0.237, 0.042, -0.103, 0.181, 0.44
-0.079, -0.23, 0.576, -0.119, -0.059, -0.118, 0.01, -0.178, -0.721, 0.321, 0.365, 0.283, -0.369, -0.339, -0.06, 0.121, 0.239, 0.395, -0.003, 0.362, -0.175, 0.079, 0.34, 0.034, -0.211, -0.258, 0.008, 0.146, 0.06, -0.623, 0.027, -0.414, -0.276, -0.722, 0.133, -0.208, -0.138, -0.236, 0.232, 0.305, 0.213, 0.252, 0.328, -0.218, -0.131, -0.385, -0.152, -0.087, -0.272, 0.121, 0.136, -0.109, 0.114, -0.045, -0.023, 0.078, -0.472, -0.534, -0.01, -0.435, 0.037, -0.354, -0.429, -0.282
0.337, 0.577, 0.486, 0.414, 0.605, -0.222, 0.248, 0.279, 0.564, -0.265, -0.477, -0.958, -1.124, 0.74, 0.99, 0.618, 0.352, 0.747, -1.019, -1.271, -2.417, -1.281, -1.189, -1.524, -1.99, -2.01, -0.16, -0.776, -0.894, -0.865, -0.209, -0.347, -0.736, -0.684, 0.099, -0.243, -0.308, -1.075, 0.433, 0.314, 0.725, 0.661, -0.848, -0.242, -0.249, 0.316, 0.455, 0.16, 0.064, -1.257, -1.151, -1.06, -1.16, -0.02, 0.486, -0.462, -1.233, -0.363, -1.156, 0.312, -1.273, 0.016, 1.37, 0.075
-0.645, -0.053, -0.155, -0.563, -0.459, -0.662, -0.097, -0.663, -0.999, -0.036, 0.182, -0.187, -0.506, -0.448, -0.479, -0.309, -0.489, -0.536, 0.433, 0.513, 0.13, 0.503, 0.575, 0.365, 0.432, 0.359, -0.257, -0.199, -0.013, -0.373, 0.726, 0.578, 0.467, 0.459, 0.026, -0.162, -0.029, -0.334, 0.366, 0.297, -1.311, -0.592, -0.172, -0.351, -0.938, 0.24, 0.372, -0.703, -0.47, 0.302, 0.056, 0.232, 0.202, 0.293, -0.739, -0.327, -0.071, -0.224, -0.391, 0.038, 0.223, -0.229, -0.857, 0.334
0.561, 0.551, -0.769, 0.051, 0.583, 0.158, 0.274, -0.396, -1.224, 0.417, 0.238, 0.19, 0.244, -0.513, -1.219, -0.345, -0.18, -1.331, 0.121, -0.272, 0.127, 0.486, -0.043, -0.026, -0.662, -0.118, 0.488, 0.805, 0.354, 0.254, 0.671, 0.876, 0.657, 0.141, -0.244, 0.112, -0.229, -0.282, 0.23, -0.006, -0.814, -0.9, -0.387, -0.011, -0.22, -0.334, -0.686, -0.179, -0.133, -0.294, 0.026, 0.345, -0.178, -0.307, -0.741, -0.289, -0.453, 0.26, -2.278, 0.644, 0.52, 0.617, 0.388, -0.331
-0.059, 0.22, -0.238, 0.252, 0.368, 0.69, 0.106, 0.334, 0.16, 0.063, -0.077, 0.204, 0.222, 0.083, 0.167, -0.191, -0.315, -0.076, -0.374, -0.177, 0.016, -0.204, -0.069, 0.016, -0.051, -0.126, 0.177, 0.531, 0.077, 0.248, -0.891, -0.652, -0.22, -0.418, -0.159, -0.22, -0.075, 0.216, -0.389, -0.108, -0.182, -0.396, -0.173, 0.244, 0.612, -0.381, -0.358, 0.255, 0.263, -0.094, 0.206, 0.058, 0.081, -0.311, -0.078, 0.178, 0.359, 0.232, 0.492, 0.004, -0.211, -0.382, -0.165, 0.145
-0.199, -0.158, -0.205, 0.501, 0.067, 0.252, 0.244, 0.076, 0.431, -0.736, -0.605, -0.489, -0.393, 0.263, 0.262, 0.099, 0.242, -0.164, -0.834, -0.463, -1.074, -0.916, -0.789, -1.349, -0.56, -1.335, -0.028, -0.13, -0.085, -0.463, -0.782, -0.622, -0.56, -0.412, -0.387, -0.204, 0.096, -0.06, -0.04, -0.809, 0.413, 0.555, 0.237, 0.285, 0.423, 0.379, 0.152, 0.484, 0.36, -0.409, 0.034, -0.212, -0.161, -0.134, 0.826, 0.65, -0.49, 0.44, -0.3, -0.127, 0.065, 0.205, 0.385, 0.828
-0.194, 0.335, 0.284, 0.363, 0.221, 0.6, -0.021, -0.058, -0.593, 0.025, 0.33, 0.313, 0.393, -0.142, 0.036, -0.099, -0.144, -0.137, 0.068, 0.384, 0.329, 0.07, 0.106, 0.194, 0.009, -0.117, 0.219, 0.133, 0.111, 0.034, -0.007, -0.093, -0.088, 0.133, 0.112, -0.207, -0.245, 0.297, -0.036, 0.006, -0.21, -0.613, -0.221, -0.066, -0.057, -0.262, -0.237, -0.057, -0.292, 0.065, 0.224, 0.061, 0.144, -0.214, -0.169, -0.077, -0.128, 0.133, 0.436, -0.229, -0.216, -0.196, -0.121, 0.184
-0.335, -0.472, 0.212, 0.202, 0.227, 0.128, 0.098, -0.394, -0.217, -0.609, -0.539, -0.802, -0.786, 0.053, 0.33, 0.163, 0.307, -0.016, -0.372, -0.877, -1.4, -0.181, 0.052, -0.068, -0.278, -0.56, -0.462, -0.655, -0.162, -0.833, 0.139, -0.21, 0.184, -0.118, 0.037, -0.202, 0.224, -0.364, 0.019, 0.009, 0.389, 0.493, 0.317, 0.222, -0.158, 0.309, 0.433, 0.199, 0.247, -0.189, -0.442, -0.178, -0.224, 0.005, 0.65, 0.33, 0.163, 0.129, -0.732, -0.406, -0.353, 0.148, 0.159, 0.094
0.243, 0.514, -1.001, 0.307, 0.323, -0.217, -0.09, -0.064, -0.156, 0.007, 0.238, -0.216, -0.096, -0.007, 0.016, 0.0, 0.066, -0.177, 0.289, -0.944, -0.026, 0.097, -0.478, 0.155, 0.314, 0.113, -0.016, 0.277, -0.056, 0.014, 0.063, -0.212, 0.055, 0.009, 0.105, -0.293, -0.001, 0.284, -0.0, -0.227, -0.087, 0.145, 0.0, -0.055, 0.099, 0.018, -0.038, 0.158, -0.336, 0.138, -0.446, 0.129, -0.326, 0.007, -0.012, -0.448, 0.143, 0.321, 0.174, 0.22, 0.419, 0.131, -0.165, -0.209
-0.362, -0.055, 0.31, 0.123, 0.094, 0.074, -0.281, 0.005, -0.387, -0.135, 0.06, 0.081, -0.039, -0.136, -0.176, -0.232, -0.076, -0.249, 0.103, 0.15, -0.064, -0.044, 0.044, -0.052, 0.18, 0.444, -0.099, 0.115, 0.032, 0.403, 0.043, 0.055, -0.101, -0.072, -0.112, 0.276, -0.181, -0.107, -0.128, -0.186, -0.383, 0.132, -0.061, -0.038, -0.186, 0.227, 0.124, -0.162, 0.168, 0.133, -0.076, 0.001, 0.094, 0.168, -0.02, -0.055, 0.03, 0.008, 0.431, 0.034, 0.186, -0.139, 0.147, -0.093
0.415, 0.377, -1.188, 0.185, 0.121, 0.3, -0.005, 0.279, 0.218, 0.048, -0.084, 0.182, 0.009, 0.312, 0.025, 0.337, 0.278, 0.0, -0.132, -0.419, -0.123, 0.097, -1.002, -0.174, -0.072, 0.136, 0.013, 0.463, -0.355, 0.066, -0.067, 0.164, 0.067, -0.159, 0.455, 0.544, 0.138, 0.225, -0.176, -0.335, 0.361, 0.063, 0.108, 0.033, 0.338, -0.435, -0.774, 0.032, 0.073, -0.168, -0.162, 0.001, -0.216, -0.177, -0.351, -0.378, -0.15, 0.2, 0.268, 0.257, 0.118, 0.059, 0.4, -0.223
-0.103, 0.193, 0.296, 0.242, 0.286, 0.351, 0.113, -0.058, -0.724, 0.055, 0.059, 0.332, 0.07, -0.34, -0.211, -0.003, -0.409, -0.407, 0.018, 0.51, 0.267, 0.084, 0.122, 0.33, -0.001, 0.005, 0.296, 0.406, 0.036, -0.149, -0.085, 0.191, 0.019, 0.252, -0.209, -0.146, -0.309, -0.256, 0.079, 0.079, -0.38, -0.435, -0.499, 0.001, -0.073, -0.147, -0.232, 0.01, -0.309, 0.134, 0.034, 0.019, 0.262, -0.02, -0.24, 0.004, 0.039, 0.015, 0.161, -0.067, -0.185, -0.487, -0.144, -0.196
-0.347, -0.28, 0.012, 0.02, 0.17, -0.377, 0.097, -0.263, 0.228, -0.273, -0.288, -0.463, -0.315, 0.387, 0.512, 0.006, 0.508, 0.557, -0.922, -0.465, -1.62, -0.321, -0.179, -0.234, -0.21, -0.711, -0.519, -0.912, -0.268, -0.768, 0.072, -0.335, -0.186, -0.217, 0.175, 0.06, 0.388, -0.314, 0.025, 0.376, 0.431, 0.656, 0.591, 0.204, -0.348, 0.18, 0.465, 0.044, 0.361, -0.178, -0.489, -0.403, -0.023, 0.018, 0.389, 0.255, 0.291, -0.542, -1.138, -0.507, -0.289, 0.604, 0.476, -0.096
-0.077, -0.093, 0.304, 0.001, 0.112, 0.421, -0.4, 0.063, -0.181, 0.062, 0.006, 0.327, 0.294, -0.002, 0.075, -0.165, -0.718, -0.669, -0.035, 0.386, 0.503, 0.056, 0.122, 0.129, -0.073, -0.126, -0.116, 0.192, 0.255, 0.085, -0.08, 0.248, -0.014, 0.251, 0.14, -0.109, -0.033, 0.322, -0.143, -0.168, -0.124, -0.418, -0.137, -0.248, 0.134, -0.214, -0.438, 0.04, -0.46, 0.068, 0.368, 0.133, 0.091, -0.192, -0.05, -0.203, -0.256, -0.025, -0.032, -0.135, -0.167, -0.411, 0.089, 0.302
-0.332, -0.404, 0.172, 0.009, 0.088, -0.209, -0.228, -0.263, 0.437, -0.12, -0.425, -0.671, -0.443, -0.068, 0.034, 0.227, 0.714, 0.317, -0.352, -0.75, -0.269, -0.24, 0.017, -0.299, -0.057, -0.084, -0.343, -1.069, 0.035, -0.893, -0.048, 0.006, -0.227, -0.224, -0.176, -0.118, 0.347, -0.262, -0.12, 0.035, 0.346, 0.15, 0.194, 0.229, -0.027, 0.31, 0.41, 0.159, 0.194, -0.341, -0.396, -0.146, -0.457, -0.132, 0.592, 0.534, 0.348, -0.218, -0.863, -0.357, -0.134, 0.045, 0.532, -0.235
-0.114, -0.042, 0.243, -0.254, 0.027, 0.011, -0.354, -0.042, 0.101, -0.076, 0.095, -0.009, 0.286, -0.007, -0.536, -0.084, -0.179, -0.172, 0.154, 0.092, 0.255, 0.002, -0.004, 0.24, 0.188, 0.073, -0.263, 0.177, -0.157, 0.134, -0.069, 0.085, 0.133, 0.215, -0.501, -0.116, -0.323, -0.28, 0.275, 0.339, -0.303, 0.17, -0.075, -0.205, -0.506, 0.26, -0.088, -0.148, -0.092, 0.106, -0.137, -0.025, 0.057, 0.159, -0.221, -0.305, 0.099, -0.022, 0.186, -0.075, -0.047, 0.149, -0.019, -0.205
0.342, 0.021, -2.078, -0.089, -0.367, 0.249, 0.063, 0.08, 0.396, 0.028, -0.477, -0.327, 0.063, 0.355, 0.039, 0.179, 0.406, 0.129, -0.25, -0.732, -0.085, -0.144, -0.893, -0.038, -0.08, -0.003, 0.166, -0.034, 0.306, 0.526, -0.256, -0.264, -0.121, -0.082, 0.204, 0.23, -0.11, 0.264, 0.319, -0.025, 0.281, 0.126, 0.161, 0.469, 0.516, -0.428, -0.824, 0.357, 0.053, -0.154, -0.005, -0.025, 0.028, -0.061, -0.16, 0.134, 0.394, 0.358, 0.457, 0.112, 0.2, -0.217, 0.24, -0.323
0.17, -0.073, 0.234, -1.195, -1.021, -1.04, -1.004, 0.284, 0.252, 0.077, 0.014, 0.337, 0.584, -0.08, -0.162, 0.129, -0.188, -0.196, -0.016, 0.429, 0.482, 0.178, 0.038, 0.427, 0.022, 0.193, -0.176, -0.066, -0.017, 0.275, -0.057, 0.293, 0.086, 0.559, -0.117, -0.036, -0.223, 0.103, 0.23, 0.372, -0.252, -0.413, -0.3, -0.531, -0.176, -0.107, -0.086, -0.437, -0.908, 0.073, 0.286, 0.178, 0.088, -0.233, 0.142, -0.712, -0.46, -0.57, -0.539, 0.288, 0.39, -0.271, -0.117, -0.055
-0.653, -0.729, -0.188, 0.082, 0.34, 0.025, 0.356, -0.099, 0.685, -0.652, -0.835, -1.193, -0.519, 0.151, 0.25, -0.328, 0.264, 0.383, -0.684, -1.05, -0.989, -0.556, -0.193, -0.084, -0.428, -0.67, 0.116, -0.226, 0.17, -0.294, -0.524, -0.317, -0.458, -0.216, -0.204, -0.185, -0.165, -0.256, -0.003, 0.118, 0.338, 0.573, 0.421, 0.5, 0.521, 0.264, -0.031, 0.601, 0.707, -0.396, -0.283, -0.401, -0.38, -0.385, 0.684, 0.616, 0.88, -0.002, -0.882, -0.275, 0.088, 0.359, 0.541, -0.35
-0.26, 0.425, 0.154, 0.318, 0.254, 0.158, -0.076, 0.272, -0.157, -0.16, 0.143, -0.221, -0.467, -0.039, 0.176, -0.15, -0.153, 0.229, 0.133, -0.203, -0.114, -0.195, -0.148, 0.147, 0.115, 0.277, -0.158, 0.17, 0.274, 0.273, -0.305, -0.178, 0.203, 0.026, -0.061, 0.286, 0.363, 0.15, -0.366, -0.628, -0.116, 0.213, 0.08, 0.039, -0.255, 0.199, -0.004, -0.071, 0.235, 0.101, -0.14, -0.017, 0.045, -0.006, -0.417, -0.114, 0.233, 0.225, 0.261, 0.039, -0.068, 0.404, -0.057, -0.179
0.376, 0.319, -1.468, 0.326, -0.187, -0.096, -0.461, -0.161, -0.367, 0.278, 0.065, 0.24, 0.188, 0.006, -0.214, 0.218, -0.089, 0.294, 0.078, -0.142, 0.259, 0.261, -0.604, 0.041, 0.132, 0.338, -0.208, -0.236, -0.359, -0.176, -0.016, 0.192, 0.109, -0.012, -0.032, 0.132, 0.033, 0.087, 0.02, -0.029, 0.019, -0.094, -0.157, 0.064, 0.123, -0.346, -0.203, -0.15, -0.028, 0.059, -0.46, 0.041, -0.11, 0.395, -0.265, -0.317, -0.195, 0.103, 0.169, 0.209, 0.057, -0.502, -0.323, -0.69
-0.341, -0.784, 0.391, -0.538, 0.144, 0.121, -0.328, -0.186, 0.249, -0.044, 0.163, 0.335, 0.178, -0.057, 0.158, -0.133, -0.15, 0.474, 0.04, 0.406, 0.407, 0.014, 0.383, 0.139, 0.043, 0.316, -0.043, 0.29, 0.292, 0.472, -0.46, 0.012, -0.151, -0.11, -0.011, 0.288, 0.222, 0.441, 0.016, 0.121, -0.103, 0.104, -0.134, -0.212, 0.353, -0.625, -0.231, -0.024, 0.159, 0.028, 0.172, 0.006, 0.104, -0.455, -0.089, 0.332, 0.241, -0.66, 0.259, -0.591, -1.138, -0.906, -1.644, -1.157
-0.137, -0.702, -0.027, 0.039, 0.272, 0.508, -0.075, 0.032, 0.958, -0.571, -0.497, -0.559, 0.188, 0.538, 0.63, 0.189, 0.208, -1.501, -0.662, -0.324, -0.879, -0.561, -0.745, -1.069, -0.964, -1.716, -0.011, -0.133, -0.24, -0.725, -0.578, -0.24, -0.466, -0.482, 0.105, 0.208, 0.086, 0.449, 0.138, -0.445, 0.782, 0.745, 0.403, 0.186, 0.307, 0.261, 0.216, 0.426, 0.641, -0.84, -0.837, -0.531, -0.764, -0.553, 0.397, 0.273, -0.26, -0.325, -1.385, -0.181, -0.15, -0.401, -1.542, -0.402
0.124, -0.151, 0.249, -0.082, -0.587, -0.06, -0.135, -0.036, -0.215, 0.004, 0.293, -0.045, 0.421, 0.128, -0.377, -0.036, -0.968, -0.099, 0.303, -0.444, 0.62, 0.093, -0.418, 0.247, 0.307, 0.199, -0.351, -1.787, 0.074, 0.029, 0.55, 0.224, 0.405, 0.13, -1.043, -0.453, -0.946, -0.522, -0.069, 0.077, -0.729, -0.522, -0.532, -0.362, -0.503, 0.453, 0.177, -0.351, -0.584, 0.052, 0.012, 0.34, 0.052, 0.259, -0.213, -1.047, -0.419, -0.508, 0.282, 0.138, -0.816, -0.228, 0.119, 0.34
1.043, 0.653, -0.799, -0.315, -0.279, -0.166, -1.02, -0.636, -0.501, 0.073, 0.102, 0.49, 0.418, -0.273, -0.263, 0.719, -0.286, -0.05, 0.11, -0.561, 0.823, 0.216, -0.728, -0.047, -0.43, -0.007, -0.874, -1.096, -1.095, 0.071, 0.872, 0.155, 0.839, 1.273, -0.02, -0.792, -0.1, 0.141, 0.528, 0.591, -0.36, -2.414, -0.23, -0.623, -0.647, -0.012, -0.543, -0.079, -0.507, -0.409, 0.109, -0.06, -0.126, -0.027, -0.094, -1.445, -1.03, -0.94, -1.27, 0.271, -0.117, 0.093, 0.42, -0.224
-0.269, 0.779, -0.446, 0.039, -0.69, 0.17, -0.39, 0.116, -0.472, -0.323, 0.153, -0.697, -0.332, -0.46, -0.883, -0.131, 0.056, -0.086, 0.053, -0.273, 0.096, -0.313, -0.288, -0.029, 0.172, 0.445, 0.063, -0.37, -0.07, 0.363, 0.324, -0.024, -0.188, -0.002, -1.084, -0.72, -0.84, -0.969, 0.613, 0.253, -0.413, -0.848, 0.137, -0.084, 0.17, 0.451, 0.025, -0.416, -0.479, 0.27, 0.264, 0.232, -0.073, 0.476, 0.202, -0.59, -0.233, 0.37, 0.961, 0.701, 0.715, 0.602, 0.796, 1.27
0.148, 1.276, -2.14, 0.395, -0.14, 0.283, -0.191, 0.115, -0.525, 0.048, 0.222, -0.131, -0.213, -0.918, -0.944, -0.096, 0.68, -0.21, 0.116, -0.911, 0.258, -0.153, -1.59, 0.037, 0.29, -0.068, -0.547, 0.191, -0.949, -0.478, -0.288, -0.426, 0.523, 0.178, -0.271, -1.026, -0.302, -0.772, 0.288, -0.367, -0.212, -0.543, 0.077, 0.052, 0.376, 0.168, -0.51, -0.021, -0.7, 0.053, 0.255, 0.14, -0.58, 0.357, 0.476, -1.16, -0.8, 0.639, 0.277, 1.113, 1.503, 0.887, 1.038, 1.313
-1.178, 0.565, -0.132, -0.529, -0.555, -0.147, -0.681, -0.294, -1.04, -0.985, -0.441, -0.236, -0.107, -0.802, -1.034, -0.712, -1.495, 0.118, 0.17, -1.106, -0.471, -0.65, -0.495, 0.008, 0.02, 0.309, -0.874, 0.261, -0.608, -0.514, -0.111, -1.073, -0.53, 0.653, -0.364, -0.365, -0.22, 0.407, -0.209, 0.164, -0.762, -0.109, -0.657, -0.782, -0.361, -0.391, -0.002, -0.791, -0.567, -0.117, -0.844, -0.635, -0.344, -0.142, -0.222, -3.137, -2.166, -0.849, -0.209, 0.339, 0.717, -0.704, -0.632, -0.086
-0.064, 1.589, -0.322, 0.525, 0.566, 0.715, 0.076, 0.123, -0.511, 0.412, 0.063, -0.105, 0.357, 0.249, -0.2, 0.669, -0.595, -0.192, -0.057, -0.87, 0.955, 0.353, -1.323, 0.478, 0.067, 0.301, -0.078, 0.246, -0.197, 1.224, -0.154, -0.297, -0.182, 0.469, -0.929, 0.421, 0.613, 0.733, -1.194, 0.233, 0.109, -0.288, -0.204, 0.159, 0.422, -0.354, 0.363, -0.253, 0.207, -0.04, 0.092, 0.208, 0.804, 0.017, 0.011, -2.86, -1.173, 0.299, 0.418, 0.374, 0.857, -0.344, -0.091, 0.258
0.09, 1.714, 0.085, 0.417, -0.833, 1.172, 0.487, 0.837, 0.754, 0.384, 0.774, 0.291, 0.681, 0.86, 0.748, 0.231, 0.515, 1.608, 0.45, -0.233, 0.551, 0.698, -0.423, 1.054, 0.606, 0.174, 0.754, 0.518, 0.378, 1.3, 0.461, 0.063, 0.672, 0.656, -1.329, -0.331, -0.274, 1.081, 0.445, 1.343, 0.564, 0.859, 0.873, 0.224, 1.088, 0.292, 0.761, 0.759, 0.958, 0.643, -0.108, 0.352, 0.361, 0.34, 0.28, 0.214, 0.52, 0.629, 0.627, 1.757, 1.738, 0.464, 0.506, 1.375
