0.27, 0.02, 0.24, 0.01, 0.09, 0.23, 0.08, 0.07, 0.09, 0.17, 0.03, 0.18, 0.16, 0.27, 0.25, 0.49, 0.21, 0.29, 0.07, 0.23, 0.13, 0.11, 0.23, 0.25, 0.02, 0.03, 0.11, 0.09, 0.08, 0.23, 0.09, 0.21, 0.04, 0.08, 0.08, 0.09, 0.06, 0.06, 0.03, 0.08, 0.33, 0.21, 0.17, 0.12, 0.5, 0.2, 0.24, 0.33, 0.23, 0.4, 0.18, 0.33, 0.14, 0.31, 0.12, 0.2, 0.23, 0.02, 0.02, 0.01, 0.0, 0.29, 0.05, 0.09
0.03, 0.02, 0.02, 0.0, 0.01, 0.03, 0.01, 0.03, 0.02, 0.02, 0.01, 0.02, 0.02, 0.09, 0.05, 0.09, 0.05, 0.04, 0.01, 0.02, 0.02, 0.01, 0.02, 0.02, 0.01, 0.01, 0.02, 0.02, 0.02, 0.03, 0.02, 0.04, 0.02, 0.03, 0.02, 0.02, 0.02, 0.01, 0.01, 0.02, 0.05, 0.03, 0.08, 0.04, 0.05, 0.06, 0.04, 0.04, 0.03, 0.05, 0.02, 0.04, 0.02, 0.11, 0.04, 0.02, 0.02, 0.01, 0.01, 0.01, 0.01, 0.11, 0.04, 0.06
0.17, 0.01, 0.21, 0.0, 0.1, 0.14, 0.05, 0.02, 0.02, 0.13, 0.03, 0.14, 0.1, 0.15, 0.2, 0.42, 0.16, 0.25, 0.05, 0.19, 0.08, 0.08, 0.16, 0.19, 0.02, 0.04, 0.07, 0.07, 0.05, 0.21, 0.1, 0.27, 0.03, 0.07, 0.07, 0.09, 0.03, 0.04, 0.1, 0.18, 0.18, 0.21, 0.75, 0.05, 0.24, 0.18, 0.29, 0.18, 0.2, 0.26, 0.09, 0.22, 0.26, 0.31, 0.11, 0.14, 0.2, 0.01, 0.03, 0.02, 0.03, 0.15, 0.01, 0.2
0.02, 0.0, 0.01, 0.0, 0.01, 0.02, 0.01, 0.01, 0.01, 0.0, 0.0, 0.0, 0.0, 0.03, 0.01, 0.04, 0.02, 0.02, 0.0, 0.0, 0.0, 0.0, 0.0, 0.0, 0.0, 0.0, 0.01, 0.01, 0.01, 0.03, 0.01, 0.02, 0.01, 0.01, 0.01, 0.0, 0.01, 0.01, 0.01, 0.01, 0.02, 0.01, 0.07, 0.04, 0.04, 0.02, 0.02, 0.03, 0.02, 0.01, 0.0, 0.0, 0.0, 0.05, 0.01, 0.02, 0.03, 0.01, 0.01, 0.0, 0.0, 0.04, 0.0, 0.05
0.04, 0.0, 0.04, 0.0, 0.0, 0.01, 0.0, 0.0, 0.0, 0.01, 0.0, 0.01, 0.01, 0.05, 0.03, 0.03, 0.08, 0.1, 0.01, 0.04, 0.02, 0.02, 0.08, 0.1, 0.01, 0.02, 0.01, 0.02, 0.0, 0.02, 0.03, 0.06, 0.01, 0.02, 0.04, 0.05, 0.02, 0.02, 0.02, 0.03, 0.12, 0.09, 0.16, 0.01, 0.04, 0.1, 0.11, 0.03, 0.03, 0.07, 0.02, 0.13, 0.12, 0.06, 0.03, 0.01, 0.01, 0.0, 0.01, 0.01, 0.01, 0.03, 0.0, 0.07
0.25, 0.03, 0.16, 0.02, 0.04, 0.23, 0.05, 0.05, 0.06, 0.15, 0.1, 0.12, 0.35, 0.3, 0.19, 0.55, 0.14, 0.19, 0.18, 0.07, 0.31, 0.09, 0.11, 0.15, 0.06, 0.11, 0.07, 0.05, 0.09, 0.23, 0.08, 0.19, 0.07, 0.15, 0.03, 0.02, 0.04, 0.06, 0.03, 0.06, 0.21, 0.14, 0.4, 0.27, 0.1, 0.2, 0.2, 0.31, 0.19, 0.48, 0.2, 0.35, 0.14, 0.41, 0.11, 0.22, 0.21, 0.03, 0.04, 0.01, 0.01, 0.23, 0.03, 0.04
0.05, 0.01, 0.06, 0.0, 0.01, 0.02, 0.01, 0.01, 0.01, 0.02, 0.01, 0.02, 0.01, 0.07, 0.04, 0.03, 0.08, 0.09, 0.02, 0.04, 0.03, 0.02, 0.04, 0.07, 0.01, 0.02, 0.02, 0.02, 0.01, 0.03, 0.02, 0.03, 0.01, 0.01, 0.06, 0.06, 0.03, 0.03, 0.01, 0.03, 0.13, 0.08, 0.06, 0.01, 0.06, 0.08, 0.08, 0.06, 0.03, 0.09, 0.07, 0.13, 0.04, 0.06, 0.03, 0.02, 0.02, 0.0, 0.0, 0.0, 0.0, 0.1, 0.03, 0.04
0.08, 0.02, 0.06, 0.0, 0.02, 0.07, 0.02, 0.03, 0.03, 0.02, 0.01, 0.02, 0.03, 0.08, 0.05, 0.17, 0.07, 0.08, 0.01, 0.02, 0.02, 0.01, 0.05, 0.04, 0.01, 0.02, 0.03, 0.04, 0.02, 0.08, 0.02, 0.08, 0.02, 0.06, 0.02, 0.02, 0.02, 0.03, 0.04, 0.06, 0.06, 0.02, 0.15, 0.07, 0.11, 0.07, 0.04, 0.07, 0.05, 0.03, 0.02, 0.04, 0.01, 0.11, 0.03, 0.06, 0.07, 0.01, 0.02, 0.01, 0.01, 0.06, 0.02, 0.1
0.1, 0.02, 0.06, 0.01, 0.02, 0.12, 0.02, 0.02, 0.04, 0.02, 0.01, 0.01, 0.03, 0.09, 0.06, 0.19, 0.07, 0.07, 0.02, 0.01, 0.02, 0.01, 0.02, 0.02, 0.01, 0.02, 0.03, 0.03, 0.04, 0.09, 0.02, 0.03, 0.01, 0.03, 0.01, 0.01, 0.02, 0.03, 0.02, 0.03, 0.07, 0.04, 0.16, 0.08, 0.18, 0.06, 0.03, 0.1, 0.06, 0.01, 0.01, 0.03, 0.01, 0.07, 0.03, 0.06, 0.06, 0.01, 0.02, 0.0, 0.0, 0.07, 0.03, 0.04
0.12, 0.01, 0.14, 0.0, 0.02, 0.08, 0.02, 0.03, 0.03, 0.07, 0.02, 0.05, 0.05, 0.14, 0.11, 0.11, 0.14, 0.18, 0.04, 0.11, 0.07, 0.07, 0.11, 0.14, 0.02, 0.04, 0.06, 0.05, 0.03, 0.13, 0.04, 0.08, 0.02, 0.04, 0.09, 0.08, 0.04, 0.05, 0.02, 0.04, 0.29, 0.18, 0.06, 0.04, 0.2, 0.13, 0.19, 0.16, 0.16, 0.24, 0.13, 0.24, 0.11, 0.15, 0.06, 0.09, 0.09, 0.01, 0.01, 0.01, 0.0, 0.21, 0.04, 0.08
0.05, 0.01, 0.03, 0.01, 0.02, 0.11, 0.02, 0.04, 0.04, 0.02, 0.02, 0.02, 0.05, 0.12, 0.08, 0.17, 0.07, 0.06, 0.02, 0.02, 0.05, 0.02, 0.04, 0.04, 0.01, 0.02, 0.03, 0.02, 0.03, 0.13, 0.03, 0.05, 0.03, 0.06, 0.02, 0.02, 0.02, 0.03, 0.02, 0.03, 0.05, 0.04, 0.16, 0.08, 0.15, 0.08, 0.08, 0.1, 0.07, 0.11, 0.05, 0.07, 0.03, 0.17, 0.03, 0.08, 0.07, 0.01, 0.02, 0.01, 0.01, 0.08, 0.02, 0.1
0.12, 0.01, 0.09, 0.0, 0.01, 0.03, 0.01, 0.01, 0.01, 0.05, 0.02, 0.04, 0.05, 0.14, 0.1, 0.15, 0.14, 0.19, 0.03, 0.09, 0.06, 0.05, 0.13, 0.13, 0.02, 0.06, 0.02, 0.02, 0.01, 0.05, 0.06, 0.14, 0.03, 0.07, 0.04, 0.04, 0.02, 0.02, 0.08, 0.14, 0.15, 0.1, 0.55, 0.01, 0.08, 0.12, 0.11, 0.11, 0.06, 0.13, 0.07, 0.23, 0.06, 0.11, 0.02, 0.05, 0.05, 0.01, 0.02, 0.03, 0.02, 0.04, 0.01, 0.14
0.23, 0.03, 0.15, 0.02, 0.04, 0.3, 0.04, 0.04, 0.06, 0.11, 0.06, 0.09, 0.26, 0.18, 0.13, 0.56, 0.09, 0.12, 0.09, 0.04, 0.19, 0.05, 0.08, 0.08, 0.03, 0.06, 0.06, 0.03, 0.08, 0.24, 0.06, 0.12, 0.05, 0.12, 0.02, 0.01, 0.02, 0.04, 0.05, 0.06, 0.13, 0.06, 0.23, 0.14, 0.3, 0.16, 0.13, 0.25, 0.1, 0.19, 0.09, 0.19, 0.07, 0.33, 0.12, 0.17, 0.16, 0.02, 0.05, 0.01, 0.01, 0.15, 0.04, 0.09
0.38, 0.04, 0.33, 0.01, 0.08, 0.15, 0.07, 0.11, 0.09, 0.22, 0.06, 0.23, 0.19, 0.22, 0.22, 0.8, 0.22, 0.27, 0.08, 0.33, 0.14, 0.16, 0.29, 0.3, 0.02, 0.04, 0.09, 0.07, 0.06, 0.17, 0.12, 0.31, 0.05, 0.11, 0.09, 0.09, 0.07, 0.06, 0.05, 0.1, 0.37, 0.21, 0.12, 0.09, 0.34, 0.28, 0.34, 0.3, 0.18, 0.49, 0.21, 0.39, 0.23, 0.46, 0.15, 0.14, 0.17, 0.02, 0.02, 0.01, 0.01, 0.29, 0.06, 0.14
0.11, 0.01, 0.12, 0.0, 0.12, 0.24, 0.06, 0.03, 0.02, 0.1, 0.03, 0.09, 0.07, 0.28, 0.28, 0.2, 0.22, 0.3, 0.04, 0.13, 0.06, 0.06, 0.15, 0.14, 0.02, 0.04, 0.1, 0.07, 0.06, 0.38, 0.08, 0.22, 0.04, 0.06, 0.08, 0.1, 0.05, 0.07, 0.08, 0.15, 0.21, 0.21, 0.88, 0.03, 0.54, 0.15, 0.22, 0.26, 0.26, 0.21, 0.09, 0.22, 0.16, 0.31, 0.08, 0.23, 0.27, 0.01, 0.05, 0.04, 0.04, 0.1, 0.01, 0.4
0.49, 0.08, 0.43, 0.04, 0.12, 0.5, 0.09, 0.09, 0.16, 0.23, 0.12, 0.2, 0.45, 0.53, 0.47, 1.0, 0.49, 0.51, 0.23, 0.14, 0.46, 0.17, 0.19, 0.42, 0.14, 0.25, 0.17, 0.11, 0.23, 0.49, 0.15, 0.42, 0.15, 0.29, 0.13, 0.11, 0.12, 0.18, 0.19, 0.27, 0.56, 0.44, 1.0, 0.34, 0.66, 0.48, 0.52, 0.51, 0.49, 0.71, 0.29, 0.64, 0.36, 0.71, 0.29, 0.4, 0.4, 0.06, 0.08, 0.04, 0.02, 0.64, 0.1, 0.27
0.3, 0.05, 0.19, 0.01, 0.03, 0.24, 0.05, 0.07, 0.06, 0.11, 0.06, 0.1, 0.16, 0.32, 0.17, 0.53, 0.2, 0.16, 0.11, 0.13, 0.16, 0.08, 0.16, 0.16, 0.05, 0.05, 0.05, 0.03, 0.05, 0.2, 0.11, 0.21, 0.07, 0.15, 0.09, 0.09, 0.11, 0.09, 0.06, 0.08, 0.28, 0.18, 0.17, 0.05, 0.33, 0.29, 0.26, 0.22, 0.13, 0.38, 0.15, 0.24, 0.17, 0.39, 0.15, 0.11, 0.1, 0.03, 0.08, 0.02, 0.01, 0.21, 0.07, 0.17
0.24, 0.04, 0.18, 0.01, 0.06, 0.34, 0.07, 0.04, 0.03, 0.12, 0.1, 0.12, 0.22, 0.28, 0.23, 0.47, 0.26, 0.38, 0.11, 0.18, 0.14, 0.08, 0.21, 0.22, 0.06, 0.08, 0.09, 0.05, 0.1, 0.43, 0.07, 0.22, 0.07, 0.09, 0.07, 0.07, 0.07, 0.07, 0.07, 0.12, 0.29, 0.25, 0.83, 0.11, 0.51, 0.24, 0.21, 0.36, 0.29, 0.34, 0.13, 0.35, 0.24, 0.38, 0.08, 0.23, 0.23, 0.04, 0.09, 0.04, 0.03, 0.19, 0.01, 0.34
0.09, 0.03, 0.07, 0.01, 0.02, 0.11, 0.02, 0.05, 0.04, 0.04, 0.04, 0.03, 0.06, 0.15, 0.09, 0.25, 0.06, 0.04, 0.05, 0.04, 0.06, 0.03, 0.08, 0.08, 0.04, 0.04, 0.05, 0.02, 0.07, 0.17, 0.04, 0.09, 0.06, 0.1, 0.03, 0.03, 0.03, 0.04, 0.03, 0.04, 0.07, 0.05, 0.23, 0.11, 0.13, 0.09, 0.1, 0.11, 0.08, 0.2, 0.09, 0.11, 0.07, 0.21, 0.05, 0.06, 0.06, 0.02, 0.02, 0.01, 0.01, 0.15, 0.02, 0.15
0.17, 0.02, 0.12, 0.0, 0.01, 0.07, 0.01, 0.02, 0.01, 0.08, 0.04, 0.05, 0.07, 0.16, 0.1, 0.18, 0.31, 0.29, 0.07, 0.09, 0.07, 0.05, 0.1, 0.02, 0.09, 0.09, 0.03, 0.04, 0.02, 0.06, 0.05, 0.13, 0.04, 0.08, 0.04, 0.04, 0.03, 0.05, 0.11, 0.2, 0.19, 0.12, 0.52, 0.03, 0.12, 0.16, 0.19, 0.12, 0.09, 0.15, 0.07, 0.23, 0.13, 0.17, 0.02, 0.1, 0.11, 0.02, 0.03, 0.05, 0.02, 0.02, 0.0, 0.22
0.2, 0.04, 0.09, 0.03, 0.03, 0.29, 0.04, 0.06, 0.06, 0.09, 0.11, 0.05, 0.18, 0.21, 0.11, 0.5, 0.07, 0.07, 0.11, 0.03, 0.15, 0.04, 0.09, 0.1, 0.04, 0.05, 0.06, 0.03, 0.11, 0.21, 0.04, 0.1, 0.06, 0.1, 0.03, 0.02, 0.03, 0.04, 0.02, 0.03, 0.13, 0.07, 0.25, 0.2, 0.28, 0.12, 0.11, 0.25, 0.17, 0.19, 0.07, 0.15, 0.06, 0.29, 0.11, 0.16, 0.12, 0.04, 0.06, 0.01, 0.01, 0.2, 0.02, 0.07
0.08, 0.01, 0.09, 0.0, 0.01, 0.04, 0.01, 0.02, 0.01, 0.05, 0.03, 0.04, 0.04, 0.11, 0.07, 0.07, 0.08, 0.08, 0.05, 0.06, 0.06, 0.04, 0.06, 0.08, 0.02, 0.02, 0.02, 0.02, 0.02, 0.07, 0.02, 0.05, 0.02, 0.03, 0.05, 0.04, 0.03, 0.03, 0.0, 0.01, 0.21, 0.15, 0.01, 0.03, 0.1, 0.08, 0.15, 0.1, 0.09, 0.19, 0.05, 0.14, 0.11, 0.11, 0.03, 0.05, 0.05, 0.0, 0.01, 0.0, 0.0, 0.11, 0.02, 0.03
0.19, 0.02, 0.14, 0.0, 0.01, 0.17, 0.03, 0.05, 0.05, 0.08, 0.05, 0.05, 0.1, 0.25, 0.13, 0.24, 0.15, 0.15, 0.08, 0.09, 0.12, 0.05, 0.13, 0.11, 0.03, 0.04, 0.04, 0.02, 0.04, 0.16, 0.07, 0.06, 0.05, 0.12, 0.08, 0.07, 0.06, 0.08, 0.04, 0.08, 0.25, 0.16, 0.16, 0.07, 0.28, 0.17, 0.21, 0.23, 0.2, 0.26, 0.11, 0.2, 0.12, 0.3, 0.09, 0.14, 0.13, 0.01, 0.02, 0.01, 0.0, 0.21, 0.02, 0.06
0.2, 0.02, 0.12, 0.0, 0.02, 0.15, 0.03, 0.04, 0.03, 0.14, 0.11, 0.1, 0.21, 0.22, 0.15, 0.32, 0.23, 0.27, 0.15, 0.01, 0.19, 0.07, 0.21, 0.25, 0.06, 0.07, 0.04, 0.04, 0.05, 0.2, 0.07, 0.17, 0.06, 0.1, 0.03, 0.04, 0.03, 0.04, 0.1, 0.16, 0.22, 0.16, 0.71, 0.03, 0.12, 0.19, 0.21, 0.11, 0.08, 0.28, 0.14, 0.37, 0.18, 0.26, 0.09, 0.07, 0.07, 0.01, 0.02, 0.02, 0.02, 0.11, 0.01, 0.13
0.06, 0.02, 0.02, 0.01, 0.01, 0.05, 0.02, 0.04, 0.03, 0.01, 0.01, 0.01, 0.02, 0.1, 0.06, 0.18, 0.07, 0.07, 0.02, 0.02, 0.03, 0.01, 0.01, 0.02, 0.01, 0.01, 0.02, 0.01, 0.03, 0.07, 0.02, 0.05, 0.04, 0.06, 0.01, 0.01, 0.01, 0.03, 0.03, 0.03, 0.08, 0.04, 0.09, 0.06, 0.07, 0.08, 0.05, 0.09, 0.05, 0.06, 0.03, 0.04, 0.02, 0.11, 0.03, 0.07, 0.06, 0.02, 0.02, 0.02, 0.01, 0.13, 0.03, 0.08
0.11, 0.02, 0.09, 0.02, 0.0, 0.15, 0.04, 0.04, 0.03, 0.03, 0.03, 0.01, 0.04, 0.06, 0.03, 0.26, 0.04, 0.02, 0.04, 0.02, 0.07, 0.02, 0.01, 0.02, 0.01, 0.01, 0.03, 0.01, 0.09, 0.16, 0.02, 0.02, 0.03, 0.04, 0.01, 0.0, 0.01, 0.01, 0.02, 0.02, 0.06, 0.02, 0.04, 0.18, 0.19, 0.06, 0.03, 0.18, 0.06, 0.07, 0.04, 0.05, 0.01, 0.1, 0.03, 0.11, 0.09, 0.04, 0.04, 0.01, 0.0, 0.14, 0.03, 0.07
0.06, 0.01, 0.06, 0.0, 0.01, 0.03, 0.01, 0.02, 0.02, 0.06, 0.03, 0.04, 0.04, 0.11, 0.08, 0.06, 0.1, 0.13, 0.05, 0.08, 0.09, 0.05, 0.06, 0.11, 0.02, 0.02, 0.03, 0.03, 0.02, 0.04, 0.02, 0.04, 0.02, 0.03, 0.06, 0.07, 0.06, 0.05, 0.0, 0.01, 0.2, 0.14, 0.02, 0.02, 0.04, 0.07, 0.09, 0.09, 0.05, 0.14, 0.05, 0.13, 0.1, 0.08, 0.03, 0.04, 0.04, 0.01, 0.01, 0.0, 0.0, 0.12, 0.02, 0.03
0.09, 0.02, 0.08, 0.0, 0.01, 0.02, 0.01, 0.01, 0.01, 0.05, 0.02, 0.04, 0.03, 0.07, 0.06, 0.07, 0.13, 0.17, 0.04, 0.06, 0.04, 0.03, 0.07, 0.08, 0.03, 0.01, 0.02, 0.01, 0.01, 0.02, 0.02, 0.06, 0.02, 0.03, 0.02, 0.03, 0.02, 0.02, 0.03, 0.06, 0.09, 0.07, 0.23, 0.01, 0.03, 0.09, 0.08, 0.06, 0.04, 0.05, 0.02, 0.11, 0.05, 0.08, 0.01, 0.04, 0.04, 0.01, 0.02, 0.01, 0.01, 0.04, 0.01, 0.15
0.08, 0.03, 0.08, 0.01, 0.02, 0.08, 0.02, 0.04, 0.03, 0.03, 0.03, 0.02, 0.05, 0.1, 0.07, 0.25, 0.06, 0.1, 0.04, 0.04, 0.05, 0.02, 0.05, 0.08, 0.04, 0.03, 0.04, 0.02, 0.06, 0.12, 0.04, 0.11, 0.06, 0.09, 0.03, 0.03, 0.05, 0.04, 0.02, 0.04, 0.06, 0.05, 0.09, 0.12, 0.12, 0.11, 0.12, 0.11, 0.09, 0.15, 0.06, 0.08, 0.07, 0.19, 0.05, 0.06, 0.09, 0.03, 0.03, 0.01, 0.0, 0.11, 0.02, 0.17
0.28, 0.05, 0.16, 0.04, 0.06, 0.35, 0.05, 0.07, 0.08, 0.14, 0.14, 0.08, 0.21, 0.29, 0.24, 0.62, 0.11, 0.21, 0.15, 0.04, 0.16, 0.06, 0.11, 0.13, 0.06, 0.08, 0.08, 0.06, 0.18, 0.27, 0.08, 0.15, 0.08, 0.15, 0.06, 0.05, 0.08, 0.08, 0.03, 0.06, 0.24, 0.15, 0.65, 0.27, 0.38, 0.18, 0.25, 0.33, 0.24, 0.4, 0.13, 0.29, 0.16, 0.43, 0.13, 0.23, 0.24, 0.04, 0.02, 0.01, 0.0, 0.22, 0.03, 0.07
0.1, 0.01, 0.09, 0.0, 0.02, 0.05, 0.01, 0.02, 0.01, 0.05, 0.03, 0.04, 0.03, 0.11, 0.1, 0.09, 0.06, 0.07, 0.04, 0.06, 0.06, 0.04, 0.05, 0.09, 0.02, 0.01, 0.02, 0.02, 0.02, 0.05, 0.02, 0.06, 0.02, 0.03, 0.04, 0.04, 0.03, 0.03, 0.0, 0.01, 0.16, 0.15, 0.02, 0.06, 0.14, 0.08, 0.14, 0.11, 0.12, 0.19, 0.05, 0.11, 0.12, 0.13, 0.03, 0.05, 0.07, 0.01, 0.0, 0.0, 0.0, 0.08, 0.02, 0.07
0.27, 0.02, 0.24, 0.01, 0.03, 0.1, 0.02, 0.03, 0.02, 0.14, 0.07, 0.09, 0.12, 0.24, 0.22, 0.47, 0.35, 0.37, 0.09, 0.14, 0.1, 0.08, 0.18, 0.17, 0.08, 0.09, 0.03, 0.02, 0.04, 0.07, 0.09, 0.23, 0.06, 0.13, 0.07, 0.06, 0.05, 0.06, 0.11, 0.21, 0.26, 0.21, 0.75, 0.08, 0.21, 0.23, 0.32, 0.19, 0.17, 0.28, 0.1, 0.3, 0.2, 0.38, 0.08, 0.15, 0.19, 0.03, 0.04, 0.02, 0.01, 0.04, 0.02, 0.25
0.05, 0.02, 0.04, 0.01, 0.02, 0.05, 0.02, 0.03, 0.03, 0.03, 0.03, 0.02, 0.04, 0.1, 0.05, 0.15, 0.05, 0.05, 0.04, 0.03, 0.04, 0.02, 0.04, 0.04, 0.03, 0.02, 0.04, 0.02, 0.05, 0.09, 0.03, 0.05, 0.04, 0.05, 0.02, 0.02, 0.04, 0.03, 0.01, 0.01, 0.06, 0.04, 0.13, 0.08, 0.09, 0.07, 0.05, 0.08, 0.05, 0.12, 0.05, 0.07, 0.04, 0.14, 0.05, 0.03, 0.04, 0.01, 0.01, 0.01, 0.01, 0.14, 0.03, 0.1
0.09, 0.02, 0.04, 0.03, 0.05, 0.28, 0.05, 0.05, 0.05, 0.07, 0.07, 0.05, 0.14, 0.11, 0.07, 0.29, 0.03, 0.03, 0.08, 0.02, 0.12, 0.04, 0.05, 0.06, 0.03, 0.04, 0.07, 0.05, 0.15, 0.25, 0.03, 0.06, 0.04, 0.06, 0.03, 0.02, 0.04, 0.04, 0.01, 0.01, 0.09, 0.03, 0.1, 0.16, 0.18, 0.06, 0.04, 0.17, 0.11, 0.15, 0.05, 0.1, 0.05, 0.13, 0.06, 0.12, 0.1, 0.03, 0.04, 0.0, 0.0, 0.14, 0.04, 0.08
0.08, 0.01, 0.08, 0.0, 0.01, 0.06, 0.02, 0.02, 0.02, 0.06, 0.03, 0.04, 0.03, 0.09, 0.07, 0.09, 0.06, 0.06, 0.04, 0.06, 0.06, 0.04, 0.07, 0.07, 0.01, 0.01, 0.03, 0.02, 0.02, 0.07, 0.03, 0.06, 0.02, 0.03, 0.04, 0.05, 0.04, 0.03, 0.0, 0.0, 0.11, 0.08, 0.01, 0.03, 0.07, 0.05, 0.1, 0.08, 0.09, 0.13, 0.03, 0.1, 0.11, 0.06, 0.02, 0.04, 0.05, 0.0, 0.0, 0.0, 0.0, 0.08, 0.01, 0.02
0.09, 0.01, 0.09, 0.0, 0.01, 0.04, 0.01, 0.01, 0.01, 0.04, 0.03, 0.03, 0.04, 0.07, 0.06, 0.12, 0.14, 0.17, 0.04, 0.04, 0.03, 0.03, 0.09, 0.1, 0.02, 0.04, 0.03, 0.02, 0.02, 0.05, 0.04, 0.1, 0.02, 0.05, 0.02, 0.03, 0.02, 0.02, 0.05, 0.09, 0.05, 0.05, 0.27, 0.01, 0.06, 0.05, 0.09, 0.05, 0.05, 0.05, 0.03, 0.09, 0.06, 0.06, 0.02, 0.06, 0.08, 0.01, 0.02, 0.01, 0.01, 0.01, 0.0, 0.14
0.05, 0.02, 0.04, 0.01, 0.02, 0.07, 0.02, 0.03, 0.02, 0.02, 0.03, 0.02, 0.03, 0.09, 0.05, 0.19, 0.04, 0.07, 0.04, 0.03, 0.04, 0.02, 0.03, 0.03, 0.02, 0.02, 0.03, 0.02, 0.05, 0.1, 0.02, 0.06, 0.04, 0.06, 0.02, 0.02, 0.04, 0.03, 0.01, 0.01, 0.04, 0.03, 0.13, 0.07, 0.07, 0.05, 0.05, 0.06, 0.05, 0.09, 0.04, 0.05, 0.03, 0.11, 0.03, 0.03, 0.05, 0.01, 0.02, 0.01, 0.0, 0.07, 0.01, 0.13
0.09, 0.02, 0.04, 0.02, 0.02, 0.16, 0.03, 0.03, 0.03, 0.04, 0.05, 0.03, 0.09, 0.09, 0.06, 0.26, 0.03, 0.04, 0.05, 0.01, 0.06, 0.02, 0.02, 0.02, 0.01, 0.01, 0.03, 0.03, 0.07, 0.11, 0.02, 0.04, 0.03, 0.05, 0.01, 0.01, 0.02, 0.02, 0.01, 0.01, 0.04, 0.02, 0.09, 0.1, 0.1, 0.04, 0.04, 0.09, 0.06, 0.06, 0.02, 0.04, 0.02, 0.11, 0.04, 0.05, 0.07, 0.01, 0.03, 0.0, 0.0, 0.06, 0.02, 0.04
0.1, 0.01, 0.06, 0.0, 0.01, 0.06, 0.01, 0.02, 0.02, 0.03, 0.02, 0.02, 0.04, 0.13, 0.07, 0.16, 0.07, 0.09, 0.03, 0.05, 0.05, 0.03, 0.05, 0.05, 0.02, 0.02, 0.02, 0.01, 0.02, 0.05, 0.02, 0.06, 0.02, 0.04, 0.02, 0.02, 0.03, 0.03, 0.02, 0.04, 0.15, 0.09, 0.1, 0.03, 0.13, 0.12, 0.1, 0.09, 0.05, 0.16, 0.06, 0.11, 0.06, 0.16, 0.06, 0.04, 0.04, 0.01, 0.02, 0.0, 0.0, 0.16, 0.02, 0.05
0.12, 0.01, 0.08, 0.0, 0.02, 0.12, 0.02, 0.01, 0.01, 0.07, 0.05, 0.07, 0.1, 0.11, 0.1, 0.19, 0.09, 0.13, 0.05, 0.11, 0.06, 0.02, 0.1, 0.12, 0.04, 0.04, 0.02, 0.02, 0.03, 0.13, 0.03, 0.09, 0.03, 0.05, 0.02, 0.03, 0.02, 0.02, 0.06, 0.08, 0.19, 0.16, 0.4, 0.05, 0.29, 0.16, 0.16, 0.19, 0.15, 0.24, 0.09, 0.22, 0.12, 0.25, 0.08, 0.11, 0.11, 0.02, 0.03, 0.02, 0.01, 0.11, 0.01, 0.06
0.24, 0.05, 0.29, 0.02, 0.12, 0.32, 0.09, 0.09, 0.08, 0.18, 0.07, 0.19, 0.19, 0.31, 0.29, 0.63, 0.18, 0.31, 0.1, 0.24, 0.16, 0.08, 0.16, 0.22, 0.05, 0.04, 0.1, 0.11, 0.09, 0.35, 0.05, 0.3, 0.05, 0.09, 0.06, 0.12, 0.08, 0.06, 0.03, 0.1, 0.23, 0.36, 0.14, 0.21, 0.5, 0.14, 0.37, 0.25, 0.38, 0.44, 0.19, 0.2, 0.31, 0.42, 0.13, 0.18, 0.28, 0.03, 0.06, 0.01, 0.0, 0.35, 0.05, 0.18
0.17, 0.02, 0.23, 0.0, 0.04, 0.17, 0.03, 0.02, 0.02, 0.12, 0.05, 0.1, 0.1, 0.17, 0.23, 0.37, 0.16, 0.35, 0.07, 0.17, 0.11, 0.08, 0.2, 0.24, 0.04, 0.05, 0.05, 0.04, 0.05, 0.2, 0.07, 0.31, 0.05, 0.07, 0.06, 0.09, 0.04, 0.05, 0.09, 0.24, 0.16, 0.25, 0.86, 0.05, 0.24, 0.12, 0.37, 0.18, 0.19, 0.27, 0.11, 0.26, 0.23, 0.35, 0.1, 0.14, 0.17, 0.02, 0.06, 0.02, 0.02, 0.23, 0.02, 0.17
0.43, 0.17, 0.4, 0.07, 0.05, 0.54, 0.09, 0.12, 0.13, 0.22, 0.23, 0.15, 0.4, 0.67, 0.33, 1.0, 0.51, 0.49, 0.24, 0.15, 0.46, 0.15, 0.18, 0.38, 0.26, 0.18, 0.18, 0.1, 0.18, 0.54, 0.15, 0.3, 0.17, 0.38, 0.1, 0.08, 0.19, 0.24, 0.17, 0.23, 0.64, 0.36, 1.0, 0.38, 0.62, 0.47, 0.53, 0.61, 0.39, 0.73, 0.27, 0.72, 0.28, 0.72, 0.28, 0.36, 0.3, 0.14, 0.16, 0.02, 0.01, 0.62, 0.1, 0.28
0.21, 0.05, 0.2, 0.02, 0.05, 0.21, 0.06, 0.05, 0.04, 0.04, 0.02, 0.03, 0.05, 0.19, 0.09, 0.35, 0.19, 0.18, 0.03, 0.05, 0.05, 0.03, 0.08, 0.09, 0.04, 0.07, 0.08, 0.05, 0.07, 0.18, 0.08, 0.19, 0.07, 0.14, 0.05, 0.06, 0.05, 0.05, 0.09, 0.14, 0.25, 0.15, 0.34, 0.17, 0.18, 0.24, 0.27, 0.23, 0.14, 0.13, 0.09, 0.1, 0.05, 0.39, 0.12, 0.14, 0.12, 0.04, 0.05, 0.01, 0.01, 0.33, 0.03, 0.16
0.27, 0.07, 0.2, 0.04, 0.06, 0.16, 0.11, 0.09, 0.11, 0.23, 0.14, 0.15, 0.33, 0.41, 0.32, 0.65, 0.26, 0.37, 0.21, 0.15, 0.35, 0.13, 0.14, 0.28, 0.11, 0.19, 0.11, 0.06, 0.16, 0.29, 0.09, 0.19, 0.09, 0.16, 0.08, 0.07, 0.09, 0.12, 0.07, 0.13, 0.33, 0.27, 0.66, 0.3, 0.35, 0.2, 0.29, 0.38, 0.25, 0.52, 0.26, 0.56, 0.29, 0.37, 0.13, 0.27, 0.18, 0.07, 0.08, 0.02, 0.01, 0.33, 0.05, 0.09
0.3, 0.05, 0.25, 0.02, 0.08, 0.21, 0.07, 0.08, 0.06, 0.11, 0.05, 0.12, 0.12, 0.22, 0.19, 0.57, 0.14, 0.17, 0.08, 0.19, 0.14, 0.08, 0.14, 0.18, 0.04, 0.03, 0.08, 0.07, 0.09, 0.22, 0.09, 0.24, 0.07, 0.12, 0.05, 0.04, 0.05, 0.03, 0.06, 0.1, 0.22, 0.19, 0.06, 0.17, 0.37, 0.26, 0.29, 0.27, 0.2, 0.36, 0.15, 0.25, 0.19, 0.41, 0.12, 0.11, 0.15, 0.03, 0.04, 0.01, 0.0, 0.36, 0.05, 0.1
0.19, 0.02, 0.2, 0.01, 0.07, 0.29, 0.06, 0.04, 0.03, 0.15, 0.07, 0.18, 0.18, 0.26, 0.32, 0.43, 0.29, 0.4, 0.08, 0.22, 0.13, 0.08, 0.23, 0.27, 0.05, 0.06, 0.06, 0.05, 0.09, 0.33, 0.08, 0.26, 0.05, 0.1, 0.06, 0.09, 0.06, 0.07, 0.13, 0.25, 0.29, 0.3, 0.94, 0.09, 0.37, 0.19, 0.26, 0.28, 0.25, 0.35, 0.14, 0.33, 0.23, 0.35, 0.13, 0.23, 0.25, 0.04, 0.07, 0.04, 0.03, 0.23, 0.03, 0.22
0.34, 0.04, 0.27, 0.02, 0.08, 0.31, 0.11, 0.09, 0.09, 0.17, 0.07, 0.14, 0.2, 0.34, 0.24, 0.72, 0.18, 0.26, 0.09, 0.18, 0.18, 0.1, 0.14, 0.17, 0.04, 0.04, 0.13, 0.09, 0.11, 0.35, 0.1, 0.28, 0.06, 0.13, 0.07, 0.07, 0.07, 0.06, 0.05, 0.11, 0.27, 0.27, 0.11, 0.19, 0.5, 0.22, 0.36, 0.34, 0.27, 0.45, 0.2, 0.24, 0.23, 0.5, 0.14, 0.19, 0.25, 0.03, 0.07, 0.01, 0.0, 0.42, 0.03, 0.14
0.18, 0.02, 0.15, 0.0, 0.03, 0.16, 0.04, 0.03, 0.02, 0.17, 0.08, 0.13, 0.03, 0.21, 0.21, 0.28, 0.22, 0.34, 0.08, 0.17, 0.12, 0.09, 0.24, 0.25, 0.04, 0.07, 0.06, 0.03, 0.05, 0.17, 0.07, 0.23, 0.05, 0.07, 0.08, 0.08, 0.05, 0.06, 0.11, 0.18, 0.25, 0.2, 0.89, 0.05, 0.26, 0.18, 0.25, 0.22, 0.17, 0.25, 0.1, 0.31, 0.21, 0.27, 0.09, 0.17, 0.17, 0.03, 0.05, 0.02, 0.02, 0.26, 0.01, 0.14
0.28, 0.08, 0.3, 0.02, 0.05, 0.34, 0.05, 0.07, 0.05, 0.18, 0.08, 0.16, 0.37, 0.33, 0.15, 0.57, 0.27, 0.29, 0.14, 0.21, 0.31, 0.1, 0.27, 0.31, 0.08, 0.18, 0.11, 0.09, 0.09, 0.31, 0.11, 0.36, 0.12, 0.24, 0.08, 0.1, 0.08, 0.07, 0.13, 0.21, 0.37, 0.27, 0.55, 0.22, 0.31, 0.33, 0.43, 0.34, 0.23, 0.44, 0.41, 0.57, 0.27, 0.52, 0.14, 0.21, 0.2, 0.03, 0.06, 0.03, 0.02, 0.38, 0.03, 0.13
0.15, 0.03, 0.16, 0.02, 0.01, 0.22, 0.04, 0.06, 0.06, 0.05, 0.03, 0.04, 0.09, 0.32, 0.2, 0.43, 0.2, 0.24, 0.05, 0.05, 0.1, 0.04, 0.04, 0.05, 0.03, 0.04, 0.06, 0.02, 0.1, 0.21, 0.02, 0.02, 0.04, 0.08, 0.05, 0.04, 0.05, 0.06, 0.05, 0.08, 0.2, 0.15, 0.45, 0.18, 0.29, 0.12, 0.13, 0.25, 0.19, 0.1, 0.05, 0.11, 0.05, 0.24, 0.09, 0.17, 0.15, 0.04, 0.06, 0.01, 0.01, 0.3, 0.05, 0.1
0.36, 0.04, 0.35, 0.02, 0.12, 0.26, 0.07, 0.13, 0.1, 0.17, 0.07, 0.17, 0.24, 0.38, 0.31, 0.73, 0.19, 0.3, 0.11, 0.23, 0.22, 0.11, 0.19, 0.25, 0.05, 0.04, 0.11, 0.1, 0.11, 0.35, 0.09, 0.31, 0.07, 0.14, 0.07, 0.08, 0.06, 0.06, 0.05, 0.13, 0.33, 0.34, 0.08, 0.22, 0.43, 0.24, 0.41, 0.29, 0.32, 0.46, 0.22, 0.34, 0.27, 0.49, 0.15, 0.18, 0.25, 0.02, 0.05, 0.01, 0.0, 0.48, 0.05, 0.09
0.12, 0.01, 0.12, 0.01, 0.03, 0.16, 0.04, 0.03, 0.02, 0.11, 0.05, 0.08, 0.11, 0.15, 0.16, 0.27, 0.18, 0.33, 0.06, 0.12, 0.1, 0.06, 0.18, 0.19, 0.04, 0.06, 0.04, 0.03, 0.05, 0.21, 0.06, 0.19, 0.04, 0.09, 0.04, 0.07, 0.04, 0.04, 0.12, 0.24, 0.16, 0.17, 0.92, 0.06, 0.29, 0.13, 0.21, 0.22, 0.17, 0.23, 0.1, 0.24, 0.15, 0.27, 0.09, 0.17, 0.16, 0.03, 0.05, 0.05, 0.04, 0.18, 0.02, 0.19
0.31, 0.11, 0.34, 0.03, 0.09, 0.34, 0.06, 0.09, 0.06, 0.16, 0.09, 0.18, 0.34, 0.34, 0.33, 0.73, 0.33, 0.41, 0.16, 0.24, 0.33, 0.09, 0.25, 0.36, 0.08, 0.16, 0.11, 0.09, 0.13, 0.35, 0.11, 0.34, 0.16, 0.26, 0.1, 0.12, 0.12, 0.14, 0.11, 0.19, 0.45, 0.34, 0.72, 0.24, 0.39, 0.4, 0.41, 0.38, 0.3, 0.45, 0.42, 0.53, 0.32, 0.48, 0.19, 0.22, 0.27, 0.05, 0.07, 0.04, 0.02, 0.47, 0.05, 0.14
0.12, 0.03, 0.09, 0.02, 0.03, 0.18, 0.03, 0.03, 0.03, 0.06, 0.04, 0.05, 0.09, 0.2, 0.13, 0.27, 0.12, 0.14, 0.04, 0.03, 0.08, 0.03, 0.03, 0.06, 0.03, 0.04, 0.05, 0.04, 0.08, 0.14, 0.02, 0.05, 0.03, 0.04, 0.04, 0.03, 0.03, 0.04, 0.04, 0.06, 0.12, 0.09, 0.28, 0.14, 0.23, 0.1, 0.1, 0.18, 0.14, 0.08, 0.05, 0.1, 0.05, 0.25, 0.08, 0.12, 0.12, 0.03, 0.04, 0.01, 0.01, 0.25, 0.03, 0.05
0.22, 0.02, 0.15, 0.01, 0.03, 0.22, 0.04, 0.05, 0.05, 0.07, 0.04, 0.05, 0.08, 0.28, 0.17, 0.28, 0.15, 0.19, 0.06, 0.08, 0.11, 0.06, 0.13, 0.14, 0.04, 0.05, 0.06, 0.03, 0.06, 0.24, 0.09, 0.17, 0.04, 0.06, 0.08, 0.07, 0.06, 0.06, 0.04, 0.09, 0.28, 0.18, 0.19, 0.05, 0.31, 0.21, 0.24, 0.21, 0.16, 0.29, 0.11, 0.19, 0.16, 0.29, 0.12, 0.14, 0.14, 0.02, 0.04, 0.01, 0.0, 0.22, 0.03, 0.05
0.19, 0.02, 0.13, 0.0, 0.02, 0.17, 0.03, 0.03, 0.02, 0.12, 0.08, 0.09, 0.16, 0.24, 0.15, 0.26, 0.21, 0.29, 0.08, 0.14, 0.1, 0.07, 0.15, 0.19, 0.05, 0.06, 0.06, 0.04, 0.06, 0.22, 0.06, 0.16, 0.06, 0.09, 0.04, 0.05, 0.04, 0.05, 0.1, 0.15, 0.23, 0.18, 0.69, 0.04, 0.33, 0.18, 0.16, 0.25, 0.16, 0.23, 0.11, 0.31, 0.18, 0.23, 0.09, 0.14, 0.15, 0.02, 0.03, 0.02, 0.02, 0.15, 0.02, 0.09
0.05, 0.01, 0.03, 0.01, 0.01, 0.05, 0.01, 0.02, 0.01, 0.01, 0.01, 0.01, 0.02, 0.04, 0.02, 0.12, 0.02, 0.03, 0.01, 0.01, 0.02, 0.01, 0.01, 0.01, 0.01, 0.01, 0.02, 0.01, 0.02, 0.04, 0.01, 0.03, 0.02, 0.02, 0.01, 0.01, 0.01, 0.01, 0.01, 0.01, 0.03, 0.02, 0.04, 0.03, 0.04, 0.04, 0.02, 0.04, 0.02, 0.03, 0.01, 0.02, 0.01, 0.06, 0.02, 0.03, 0.03, 0.01, 0.01, 0.01, 0.0, 0.08, 0.02, 0.06
0.06, 0.02, 0.03, 0.01, 0.01, 0.07, 0.02, 0.02, 0.02, 0.04, 0.05, 0.03, 0.08, 0.04, 0.01, 0.25, 0.02, 0.02, 0.05, 0.02, 0.07, 0.02, 0.02, 0.02, 0.02, 0.02, 0.02, 0.01, 0.01, 0.01, 0.01, 0.02, 0.02, 0.03, 0.0, 0.0, 0.01, 0.01, 0.01, 0.01, 0.03, 0.01, 0.04, 0.06, 0.08, 0.02, 0.02, 0.06, 0.03, 0.1, 0.04, 0.06, 0.02, 0.04, 0.02, 0.04, 0.03, 0.01, 0.03, 0.0, 0.0, 0.05, 0.01, 0.05
0.02, 0.02, 0.01, 0.0, 0.0, 0.01, 0.01, 0.01, 0.01, 0.01, 0.01, 0.01, 0.01, 0.02, 0.01, 0.06, 0.02, 0.02, 0.01, 0.01, 0.02, 0.01, 0.01, 0.01, 0.01, 0.01, 0.01, 0.01, 0.01, 0.02, 0.01, 0.02, 0.02, 0.03, 0.0, 0.0, 0.01, 0.01, 0.02, 0.01, 0.02, 0.01, 0.03, 0.02, 0.02, 0.05, 0.03, 0.02, 0.01, 0.03, 0.02, 0.02, 0.01, 0.06, 0.02, 0.01, 0.01, 0.01, 0.01, 0.01, 0.01, 0.06, 0.01, 0.03
0.01, 0.01, 0.01, 0.0, 0.0, 0.02, 0.01, 0.0, 0.01, 0.01, 0.01, 0.0, 0.01, 0.01, 0.01, 0.03, 0.02, 0.01, 0.01, 0.0, 0.01, 0.01, 0.0, 0.01, 0.01, 0.01, 0.01, 0.0, 0.01, 0.02, 0.01, 0.0, 0.01, 0.01, 0.0, 0.0, 0.01, 0.0, 0.01, 0.01, 0.01, 0.0, 0.01, 0.02, 0.02, 0.01, 0.01, 0.02, 0.01, 0.02, 0.01, 0.02, 0.01, 0.03, 0.01, 0.01, 0.01, 0.01, 0.01, 0.0, 0.0, 0.05, 0.01, 0.04
0.09, 0.19, 0.12, 0.03, 0.03, 0.05, 0.03, 0.07, 0.06, 0.08, 0.05, 0.07, 0.09, 0.17, 0.1, 0.27, 0.1, 0.18, 0.09, 0.09, 0.09, 0.08, 0.06, 0.1, 0.11, 0.07, 0.12, 0.07, 0.09, 0.09, 0.05, 0.09, 0.12, 0.08, 0.05, 0.05, 0.1, 0.06, 0.04, 0.07, 0.19, 0.16, 0.31, 0.22, 0.11, 0.15, 0.23, 0.16, 0.17, 0.24, 0.15, 0.22, 0.14, 0.23, 0.12, 0.04, 0.05, 0.05, 0.06, 0.07, 0.05, 0.13, 0.04, 0.17
0.03, 0.06, 0.04, 0.02, 0.02, 0.05, 0.03, 0.03, 0.03, 0.05, 0.04, 0.03, 0.07, 0.06, 0.06, 0.15, 0.07, 0.07, 0.03, 0.02, 0.04, 0.02, 0.04, 0.05, 0.05, 0.04, 0.04, 0.02, 0.07, 0.07, 0.01, 0.01, 0.02, 0.01, 0.02, 0.01, 0.03, 0.02, 0.01, 0.03, 0.03, 0.05, 0.1, 0.11, 0.12, 0.04, 0.05, 0.09, 0.12, 0.11, 0.05, 0.08, 0.06, 0.08, 0.03, 0.02, 0.03, 0.04, 0.03, 0.03, 0.02, 0.03, 0.01, 0.05
0.13, 0.16, 0.19, 0.05, 0.05, 0.09, 0.04, 0.15, 0.18, 0.18, 0.11, 0.11, 0.11, 0.42, 0.19, 0.58, 0.23, 0.34, 0.14, 0.15, 0.15, 0.09, 0.1, 0.19, 0.09, 0.1, 0.11, 0.08, 0.11, 0.14, 0.16, 0.1, 0.19, 0.14, 0.06, 0.09, 0.08, 0.07, 0.09, 0.13, 0.36, 0.21, 0.59, 0.18, 0.26, 0.3, 0.23, 0.17, 0.3, 0.35, 0.11, 0.28, 0.22, 0.31, 0.23, 0.04, 0.08, 0.06, 0.13, 0.11, 0.11, 0.17, 0.05, 0.35
