-0.093, -0.49, 0.169, -0.165, -0.238, -0.38, -0.256, 0.239, 0.144, 0.13, -0.21, 0.252, -0.146, -0.083, 0.188, -0.269, 0.058, -0.146, -0.3, 0.318, 0.085, 0.257, 0.268, 0.104, -0.246, 0.16, 0.21, 0.074, 0.067, 0.234, 0.047, 0.088, -0.238, -0.236, 0.292, 0.323, 0.022, 0.364, -0.562, -0.566, 0.086, -0.11, 0.0, 0.078, -0.064, -0.242, -0.234, 0.13, 0.029, 0.064, 0.224, 0.177, 0.229, -0.442, -0.31, 0.134, 0.312, -0.094, 0.192, -0.416, -0.37, -0.267, 0.242, 0.006
-0.174, 0.625, 0.067, 0.424, -0.207, 0.275, -0.146, 0.351, -0.034, -0.467, -0.088, -0.798, -0.409, 0.081, -0.089, 0.031, -0.253, 0.216, -0.356, -0.387, -0.469, -0.366, -0.51, -0.477, -0.256, -0.09, -0.491, -0.428, -0.414, -0.32, -0.194, 0.063, -0.092, 0.036, -0.159, 0.303, -0.175, 0.023, 0.352, 0.192, -0.32, -0.31, -0.365, -0.229, 0.317, 0.363, 0.165, -0.412, -0.364, -0.06, 0.164, -0.169, -0.062, 0.77, 0.616, -0.817, -1.033, -0.341, -0.025, 0.697, 0.957, 0.5, 0.168, 0.881
0.125, -0.203, 0.531, -0.068, -0.261, -0.708, -0.266, -0.066, 0.04, 0.166, -0.191, -0.084, -0.31, -0.012, 0.053, 0.554, 0.058, -0.044, -0.411, -0.068, -0.569, -0.006, 0.107, -0.373, -0.093, -0.12, -0.213, -0.023, -0.375, -0.826, 0.4, -0.032, 0.253, 0.137, -0.148, -0.256, -0.254, -0.038, 0.205, 0.321, 0.013, 0.001, 0.165, -0.037, -0.711, 0.367, 0.429, -0.164, -0.221, -0.357, -0.459, -1.046, -0.664, 0.339, 0.51, 0.001, -0.01, -0.089, -0.848, 0.157, 0.205, -0.186, 0.387, -0.741
-0.123, 0.109, 0.068, 0.21, 0.192, -0.011, 0.124, -0.083, -0.003, -0.222, -0.098, -0.132, -0.181, 0.154, -0.16, 0.036, -0.039, -0.126, -0.01, 0.129, -0.126, -0.056, -0.103, -0.052, 0.28, 0.181, -0.198, -0.226, -0.011, -0.246, -0.154, 0.067, -0.148, -0.346, -0.069, 0.445, 0.123, 0.332, -0.053, 0.319, -0.442, -0.412, 0.06, -0.087, -0.234, 0.132, 0.059, -0.363, -0.196, -0.048, 0.019, -0.191, -0.315, 0.382, 0.121, -0.662, -0.516, -0.234, -0.269, 0.6, 0.528, -0.003, -0.261, 0.811
0.036, -0.097, 0.379, 0.021, 0.044, -0.46, 0.162, 0.246, 0.198, -0.004, -0.336, -0.013, -0.565, 0.721, 0.64, -0.057, 0.381, 0.33, -0.546, -0.541, -1.066, -0.539, -0.289, -0.409, -0.139, -0.852, -0.104, 0.111, -0.274, -0.427, -0.411, -0.5, -0.543, -0.685, 0.18, -0.035, 0.202, 0.157, -0.266, -0.056, 0.846, 0.845, 0.39, -0.114, -0.985, 0.389, 0.449, 0.111, 0.166, -0.674, -1.311, -0.978, -0.699, 0.211, 0.32, -0.104, -0.138, -0.382, -0.928, 0.016, 0.012, 0.385, 0.361, 0.22
0.524, 0.654, -1.236, 0.014, 0.198, -0.136, -0.159, -0.524, -0.679, -0.098, -0.256, -0.0, -0.033, -0.622, -0.547, 0.591, -0.839, -0.19, -0.085, -0.261, -0.107, -0.022, -0.597, -0.326, -0.527, -0.144, -0.11, 0.021, -0.098, -0.255, 0.297, 1.156, 1.599, 0.834, -0.407, -0.153, 0.737, -0.455, -0.503, -0.201, -1.11, -0.84, -0.565, -0.075, -0.856, -0.357, 0.054, 0.056, -0.71, -0.342, -0.395, -0.499, -0.538, -0.268, -0.655, -0.391, -0.057, -0.128, 0.181, -0.119, 0.432, -0.424, 0.011, -0.018
-0.654, -0.638, -0.132, -0.147, -0.297, -0.42, -0.081, 0.256, 0.288, 0.049, -0.057, 0.092, -0.062, 0.181, 0.417, -1.051, 0.491, 0.533, -0.089, 0.177, 0.061, 0.243, 0.293, 0.162, 0.185, -0.02, 0.143, -0.088, -0.051, 0.06, -0.859, -1.023, -1.053, -1.057, 0.376, 0.238, 0.2, 0.304, -1.043, -0.84, 0.591, 0.567, 0.484, 0.014, -0.369, -0.336, -0.357, 0.278, 0.261, 0.284, -0.059, 0.405, 0.317, -0.36, -0.682, 0.098, -0.156, -0.56, 0.075, -0.276, -0.605, -0.227, 0.316, 0.04
-0.099, -0.046, 0.029, 0.072, 0.111, 0.938, 0.099, -0.135, -0.155, 0.058, 0.044, 0.006, 0.167, -0.033, -0.336, -0.17, -0.517, 0.024, 0.09, -0.052, 0.084, -0.09, -0.18, -0.024, 0.184, 0.259, -0.107, 0.163, 0.08, 0.219, -0.04, -0.045, -0.254, -0.096, 0.013, 0.356, 0.051, 0.05, -0.199, -0.206, -0.479, -0.44, -0.224, 0.02, 0.185, 0.066, -0.083, -0.214, -0.154, 0.12, 0.19, 0.049, -0.111, 0.081, 0.021, -0.143, -0.036, 0.02, 0.033, 0.447, 0.488, 0.042, -0.157, 0.271
0.585, 0.306, -1.495, -0.166, 0.11, 0.136, 0.158, -0.773, -0.496, 0.064, -0.1, 0.057, -0.095, -0.685, -0.42, 0.564, -0.367, -0.536, 0.091, -0.142, -0.014, 0.112, -0.428, -0.07, -0.042, -0.103, -0.085, -0.168, 0.183, -0.165, 0.473, 0.598, 0.294, 0.194, -0.44, -0.291, -0.011, -0.433, -0.017, 0.131, -0.794, -0.781, -0.693, 0.149, -0.011, 0.035, 0.349, -0.082, 0.122, -0.212, -0.362, -0.188, -0.073, 0.142, -0.029, 0.045, 0.298, 0.154, -0.235, 0.081, 0.007, -0.336, -0.326, -0.253
-0.423, -0.779, -0.043, -0.108, -0.368, -0.307, 0.037, 0.226, 0.16, 0.175, -0.081, 0.086, -0.08, 0.032, 0.154, -0.822, 0.332, 0.033, -0.312, 0.177, 0.015, 0.138, 0.285, -0.01, -0.029, 0.21, 0.253, 0.446, 0.072, 0.283, -0.347, -0.504, -0.882, -0.811, 0.424, 0.323, 0.073, 0.225, -0.797, -0.879, 0.401, 0.203, 0.273, 0.264, 0.109, -0.383, -0.274, 0.281, 0.294, 0.219, 0.174, 0.225, 0.219, -0.304, -0.326, 0.299, 0.196, -0.206, 0.275, -0.466, -0.698, -0.162, 0.287, 0.124
-0.062, -0.14, 0.014, -0.131, 0.013, 0.218, -0.026, -0.116, -0.143, -0.189, -0.029, -0.116, -0.162, -0.022, -0.056, 0.044, -0.566, -0.664, 0.059, 0.138, 0.025, -0.085, -0.04, -0.42, -0.175, 0.055, -0.511, -0.309, 0.017, -0.06, 0.334, 0.523, 0.217, 0.478, -0.135, 0.514, -0.119, 0.001, 0.386, -0.118, -0.715, -1.1, -0.506, -0.277, -0.01, 0.245, 0.171, -0.68, -0.717, 0.044, 0.172, -0.034, -0.266, 0.432, -0.149, -0.144, -0.371, -0.344, -0.241, 0.347, 0.324, 0.283, -0.01, 0.202
0.461, -0.285, 0.457, -0.057, 0.187, -0.528, 0.118, 0.013, -0.008, -0.068, -0.524, -0.413, -0.195, 0.259, 0.368, 0.561, 0.174, 0.26, -0.438, -0.317, -1.159, -0.109, -0.199, -0.095, -0.056, -0.471, -0.263, -0.268, -0.483, -0.967, 0.239, -0.1, -0.224, -0.035, -0.482, -0.761, -0.826, -0.978, 0.932, 0.937, 0.113, -0.361, 0.09, -0.24, -1.089, 0.49, 0.336, 0.086, -0.173, -0.596, -0.929, -0.577, -1.3, 0.185, 0.065, -0.414, 0.31, -0.417, -0.845, 0.44, 0.715, -0.351, -0.232, -0.298
0.637, 0.216, -1.276, 0.028, 0.19, 0.312, 0.275, -1.118, -0.716, 0.234, -0.116, 0.228, 0.116, -0.966, -0.973, 0.612, -1.13, -1.102, 0.31, 0.184, 0.13, 0.314, -0.187, -0.004, -0.137, -0.085, -0.111, 0.013, -0.019, -0.191, 0.787, 0.994, 0.48, 0.49, -0.722, -0.655, -0.633, -0.828, 0.018, 0.1, -1.373, -1.143, -0.99, -0.201, -0.76, -0.117, -0.116, -0.492, -0.94, -0.331, -0.214, -0.099, 0.095, 0.037, 0.208, -0.131, 0.005, -0.253, -0.124, -0.055, 0.149, -0.131, 0.155, 0.18
-0.129, -0.113, 0.326, 0.098, -0.369, -0.263, -0.597, 0.153, -0.045, 0.103, 0.082, 0.263, -0.003, -0.591, 0.218, -0.131, -0.1, 0.151, -0.074, 0.301, 0.169, 0.261, 0.308, 0.284, -0.087, 0.086, -0.14, -0.38, -0.152, -0.151, 0.004, 0.073, -0.092, -0.126, 0.145, 0.042, 0.078, 0.087, -0.247, -0.356, -0.03, -0.174, -0.049, -0.178, -0.072, -0.115, -0.07, -0.159, -0.364, 0.24, 0.173, 0.209, 0.128, -0.11, -0.181, -0.61, -0.52, -0.471, -0.023, 0.323, 0.05, -0.238, 0.462, 0.002
-0.063, -0.212, 0.413, 0.327, 0.296, -0.313, 0.166, 0.299, 0.419, -0.405, -0.524, -0.369, -0.916, 0.569, 0.746, 0.32, 0.109, 0.005, -1.013, -0.607, -1.519, -0.59, -0.461, -0.671, -0.8, -0.845, 0.331, 0.534, 0.469, -0.105, 0.109, -0.057, 0.184, 0.019, 0.111, -0.229, 0.231, -0.185, -0.347, -0.233, 0.097, 0.37, 0.136, 0.458, -0.177, 0.175, 0.544, 0.381, 0.645, -1.691, -1.067, -0.99, -1.031, 0.273, 0.434, 0.677, 0.601, 0.145, -0.104, 0.341, 0.371, 0.153, 0.031, -0.025
0.196, 0.155, -1.579, 0.176, 0.425, 0.225, 0.337, -0.44, -0.329, 0.137, -0.198, 0.034, -0.343, 0.03, -0.099, 0.0, 0.048, -0.149, 0.118, -0.253, -0.156, 0.031, -0.216, 0.134, 0.143, -0.04, 0.063, 0.159, -0.017, -0.413, 0.124, 0.25, -0.158, -0.253, -0.151, 0.198, -0.196, -0.182, 0.283, 0.191, 0.02, -0.074, 0.0, 0.021, -0.105, -0.045, 0.149, -0.315, 0.573, 0.037, -0.181, -0.03, 0.074, 0.003, -0.013, 0.058, -0.004, -0.199, -0.247, 0.086, -0.013, 0.086, 0.117, -0.311
-0.047, -0.379, 0.696, 0.064, -0.074, 0.363, -0.454, -0.156, -0.002, -0.227, -0.26, 0.484, 0.424, -0.067, -0.054, 0.025, -0.275, 0.369, -0.032, 0.466, 0.209, -0.051, 0.101, 0.29, 0.022, 0.28, -0.006, 0.089, -0.228, 0.467, -0.015, 0.255, 0.072, 0.322, -0.001, 0.204, -0.027, 0.052, -0.637, -0.338, -0.249, 0.311, -0.151, -0.406, 0.998, -0.029, -0.19, 0.143, -0.452, 0.031, 0.326, 0.047, 0.214, -0.027, -0.145, -0.178, -0.053, 0.076, 0.414, -0.328, -0.468, -0.715, -0.135, 0.134
-0.603, -0.11, -0.494, 0.381, 0.234, 0.338, -0.152, 0.542, 0.161, -0.306, -0.472, -0.008, 0.395, 0.148, 0.204, -0.074, -0.14, 0.711, -0.167, 0.309, -0.762, -0.714, -0.571, -0.327, -0.466, -0.363, -0.014, 0.571, 0.133, -0.486, -0.501, -0.437, -0.27, -0.222, 0.372, 0.713, 0.53, 0.642, -0.627, 0.076, 0.061, 0.648, 0.334, -0.188, 0.321, -0.077, 0.721, -0.284, 0.398, -0.419, 0.036, -0.401, -0.176, 0.096, 0.236, 0.335, 0.009, 0.511, 0.137, -0.322, 1.079, -0.165, 1.085, 1.136
0.154, 0.014, 0.284, -0.077, 0.312, 0.092, 0.234, -0.701, -0.58, -0.001, 0.295, -0.091, -0.202, -0.497, -0.735, 0.285, -0.88, -0.878, 0.408, 0.059, 0.185, 0.042, -0.057, -0.198, 0.126, -0.096, -0.126, -0.058, 0.195, 0.202, 0.435, 0.352, 0.505, 0.49, -0.878, -0.817, -0.514, -0.682, 0.713, 0.476, -1.397, -1.108, -0.593, -0.241, -0.231, 0.228, 0.165, -0.379, -0.229, 0.023, 0.014, -0.137, -0.38, 0.159, -0.162, -0.148, -0.203, -0.2, -0.219, 0.419, 0.314, -0.24, -0.947, -0.12
0.322, -0.125, 0.168, 0.421, 0.544, -0.462, 0.364, 0.114, 0.198, -0.057, -0.171, -0.556, -0.194, 0.496, 0.36, 0.288, 0.366, 0.302, -0.255, -0.749, -0.953, -0.249, -0.37, -0.781, -0.319, -1.445, -0.052, -0.2, -0.188, -0.844, -0.26, -0.704, -0.22, -0.66, 0.101, -0.555, 0.074, -0.311, 0.352, 0.53, 0.329, 0.322, -1.054, -0.025, -1.069, 0.365, 0.128, -0.227, 0.081, -0.074, -0.244, -0.56, -0.836, 0.094, 0.15, -0.227, -0.202, -0.823, -0.944, 0.295, -1.042, 0.494, -0.243, -0.063
0.722, 0.48, -1.181, 0.083, 0.716, 0.318, 0.383, -1.41, -1.094, 0.312, 0.452, 0.591, 0.16, -1.568, -1.127, 0.515, -1.328, -1.398, 0.477, 0.002, 0.256, 0.413, -0.176, -0.3, -0.168, -0.194, 0.223, 0.206, 0.351, 0.313, 0.61, 0.388, 0.647, 0.439, -0.93, -0.788, -0.537, -1.502, 0.137, 0.075, -1.369, -2.259, -0.933, -0.021, -0.238, -0.27, -0.447, -0.225, -0.422, -0.464, -0.204, -0.228, -0.183, -0.331, -0.401, 0.662, -0.052, -0.149, -0.133, -0.229, -0.507, -0.489, -0.339, -0.649
-0.558, -0.818, -0.413, -0.005, -0.453, 0.058, -0.209, 0.161, 0.298, -0.052, -0.089, -0.082, -0.225, 0.276, 0.227, -0.842, 0.511, -0.018, -0.397, -0.159, -0.223, -0.016, 0.381, -0.045, 0.095, 0.001, 0.035, 0.008, -0.21, -0.106, -0.642, -1.018, -0.825, -1.083, 0.214, 0.055, 0.184, 0.2, -0.253, -0.438, 0.47, 0.538, 0.568, 0.245, 0.014, -0.345, -0.146, 0.257, 0.379, 0.074, 0.254, 0.156, 0.651, -0.047, -0.08, 0.19, -0.01, -0.139, -0.118, -0.247, -0.541, 0.345, 0.311, -0.602
-0.761, -0.903, -0.445, -0.004, -0.724, -0.063, -0.114, 0.127, 0.259, -0.033, 0.196, 0.056, 0.224, 0.17, 0.147, -0.899, 0.2, 0.085, -0.016, -0.064, 0.068, -0.074, 0.363, 0.38, 0.501, 0.466, 0.116, 0.046, 0.03, -0.012, -0.878, -1.24, -0.628, -0.818, 0.59, 0.089, 0.695, 0.664, -0.845, -0.341, 0.257, 0.221, 0.486, 0.16, 0.573, -0.59, -0.487, 0.155, 0.116, 0.139, 0.1, -0.045, 0.09, -0.036, -0.15, 0.076, -0.096, 0.054, 0.044, -1.139, -0.935, -0.114, -0.604, -0.551
-0.529, -0.455, -0.586, 0.044, -0.535, -0.262, -0.401, 0.57, 0.59, -0.061, 0.162, -0.327, 0.089, 0.478, 0.096, -0.227, 0.728, 0.699, -0.151, -0.775, -0.455, -0.268, -0.059, 0.006, 0.363, -0.187, 0.282, 0.072, 0.113, -0.373, -0.914, -0.503, -0.337, -0.718, 0.393, 0.258, 0.666, 0.599, -0.606, -0.642, 0.674, 0.667, 0.476, -0.668, -2.005, -0.383, -0.325, -0.647, -0.598, 0.242, 0.125, 0.167, 0.287, -0.468, 0.042, -0.205, -0.139, -0.29, -0.842, -0.224, -0.028, 0.457, 0.454, 0.314
0.422, 0.428, 0.233, -0.017, -0.209, -0.106, 0.367, -0.391, -0.26, -0.28, 0.104, -0.343, 0.036, -0.071, -0.304, 0.406, -0.268, -1.241, 0.254, -0.258, 0.221, -0.153, -0.979, -0.631, -0.34, -0.464, -0.106, -0.769, 0.001, -0.063, 0.334, 0.069, 0.547, 0.579, -1.737, -1.64, -1.58, -1.301, 0.356, 0.193, -0.528, -0.489, -0.942, -0.095, -0.094, 0.492, -0.058, 0.068, -0.103, -0.167, -0.277, 0.062, -0.492, 0.101, -0.156, 0.35, -0.083, 0.332, 0.329, -0.095, -0.36, 0.139, -0.137, -0.097
0.599, 0.582, -1.502, 0.136, -0.002, 0.238, 0.238, -0.826, -0.858, 0.154, 0.455, 0.026, 0.272, -1.118, -1.056, 0.365, -0.782, -0.87, 0.563, -0.224, 0.197, 0.172, -1.146, -0.188, -0.118, -0.582, -0.23, -0.906, 0.105, 0.087, 0.297, -0.274, 0.582, 0.465, -0.655, -0.94, -0.323, -0.675, -0.217, -0.199, -0.831, -1.254, -0.992, 0.051, -0.109, 0.139, 0.074, -0.016, -0.167, -0.191, -0.092, 0.002, -0.133, 0.305, -0.088, -0.027, 0.403, 0.409, 0.24, -0.466, -0.34, 0.006, 0.583, -0.316
-0.562, -0.717, -0.271, -0.067, -0.247, -0.008, -0.172, 0.179, 0.404, -0.033, 0.031, 0.294, -0.233, 0.162, 0.178, -1.102, 0.408, 0.725, -0.297, -0.235, -0.241, 0.051, 0.306, -0.019, -0.192, -0.204, -0.162, -0.401, -0.271, -0.21, -0.46, -0.549, -0.792, -0.747, 0.13, 0.048, 0.004, 0.06, -0.254, -0.393, 0.608, 0.678, 0.587, 0.035, -0.089, -0.114, -0.033, 0.166, 0.002, 0.023, 0.147, 0.236, 0.297, 0.119, -0.083, -0.096, -0.072, -0.102, -0.133, -0.25, -0.638, 0.186, 0.698, 0.164
-0.001, -0.215, -0.363, 0.31, -0.236, -0.641, 0.22, 0.411, 0.334, -0.244, -0.096, -0.252, -0.389, 0.508, 0.127, -0.301, 0.156, 0.661, -0.319, -0.661, -1.421, -0.262, -0.234, -0.428, 0.133, -0.615, 0.323, -0.261, -0.775, -0.107, -0.305, -0.703, -0.146, -0.431, 0.41, -0.06, 0.24, 0.003, -0.165, 0.011, 0.43, 0.534, -0.577, 0.109, -0.577, 0.255, 0.163, 0.051, -0.072, -0.357, -0.492, -0.225, -0.828, 0.358, -0.179, -0.421, 0.19, -0.561, -0.689, 0.235, -0.84, 0.234, 0.145, -0.414
0.131, -0.031, 0.427, -0.244, 0.124, -0.409, 0.143, -0.487, -0.305, 0.063, 0.219, -0.059, -0.194, -0.168, -0.198, 0.349, -0.637, -0.584, 0.293, 0.166, 0.159, 0.003, -0.093, -0.35, 0.041, 0.147, -0.116, -0.135, 0.175, 0.124, 0.236, 0.268, 0.328, 0.409, -0.667, -0.893, -0.242, -1.045, 0.461, 0.424, -1.11, -0.802, -0.654, -0.067, -0.242, 0.041, 0.115, -0.227, -0.142, 0.15, 0.021, -0.021, -0.236, -0.051, -0.25, -0.007, -0.148, -0.088, -0.175, 0.562, 0.082, -0.876, 0.414, -0.401
0.706, 0.719, -1.487, 0.452, 0.546, 0.691, 0.587, -0.805, -0.258, -0.032, -0.094, -0.179, -0.496, -0.604, -0.374, 0.578, -1.262, -0.278, 0.086, -0.183, -0.137, 0.052, -0.035, 0.155, 0.163, 0.409, 0.138, 0.197, 0.836, 0.369, 0.064, 0.413, 0.451, 0.144, -0.191, -0.103, 0.622, -0.116, 0.556, 0.022, -1.296, -1.496, -0.372, 0.37, 0.068, -0.168, -0.412, 0.417, -0.026, -0.803, -0.969, -0.491, -1.293, -0.304, -0.309, 0.1, 0.37, -0.144, 0.413, -0.338, 0.233, -0.075, 0.624, 0.725
-0.855, -0.761, -0.626, -0.132, -0.533, -0.297, -0.397, 0.409, 0.52, -0.054, 0.004, -0.263, -0.426, 0.443, 0.617, -1.241, 0.706, 0.483, -0.421, -0.086, -0.34, -0.02, 0.356, -0.117, -0.226, -0.056, 0.093, -0.066, -0.237, 0.182, -0.539, -1.034, -0.938, -0.897, 0.469, 0.343, 0.246, 0.331, -0.813, -0.491, 0.628, 0.743, 0.614, 0.183, 0.336, -0.416, -0.145, 0.144, 0.516, -0.106, 0.086, 0.001, 0.801, -0.164, -0.06, 0.127, 0.082, -0.244, -0.222, -0.286, -0.876, -0.04, 0.544, 0.68
0.284, 0.139, 0.097, 0.387, 0.163, 0.012, 0.142, 0.343, 0.263, 0.178, -0.137, 0.094, -0.3, 0.222, 0.137, 0.204, 0.338, -0.219, -0.24, -0.614, -0.551, -0.323, -0.564, -0.924, -0.551, -1.297, 0.016, -0.409, -0.487, -0.52, -0.027, -0.241, -0.078, -0.09, 0.156, -0.147, 0.115, -0.114, 0.278, 0.152, 0.356, 0.273, -0.945, -0.1, -0.092, 0.319, 0.362, -0.186, -0.32, -0.145, 0.086, -0.503, -0.435, 0.065, 0.256, -0.637, -0.411, -0.159, -1.153, 0.357, -0.569, 0.355, 0.6, 0.279
0.123, 0.136, 0.388, -0.203, 0.113, -0.244, -0.031, -0.594, -0.42, -0.052, 0.139, -0.055, -0.077, -0.543, -0.554, 0.342, -1.32, -0.892, 0.269, 0.135, 0.123, -0.015, 0.126, 0.025, 0.161, 0.242, -0.18, -0.289, 0.205, 0.336, 0.34, 0.336, 0.226, 0.392, -0.835, -0.91, -0.453, -0.679, 0.555, 0.456, -1.316, -1.192, -0.506, -0.229, -0.159, 0.139, 0.186, -0.235, -0.186, 0.161, 0.329, -0.135, -0.106, 0.143, 0.159, -0.094, -0.126, -0.102, -0.209, 0.528, 0.658, -0.801, -1.431, 0.073
0.73, 0.598, -0.96, 0.334, 0.69, 0.226, 0.543, -1.056, -0.82, 0.29, 0.254, 0.414, 0.163, -1.462, -1.271, 0.447, -1.676, -0.974, 0.393, 0.143, 0.318, 0.338, -0.126, -0.483, -0.165, -0.021, 0.108, 0.157, 0.261, 0.126, 0.556, 0.374, 0.332, 0.461, -0.674, -0.643, -0.782, -0.845, 0.5, 0.091, -1.878, -1.945, -0.918, 0.036, -0.061, -0.081, 0.07, -0.03, 0.018, -0.574, -0.176, -0.216, -0.314, -0.265, -0.131, -0.314, 0.146, -0.124, 0.115, 0.069, 1.183, -0.955, 0.236, 0.378
-0.35, -0.339, 0.203, -0.264, -0.427, -0.446, -0.254, 0.028, -0.124, 0.127, 0.138, 0.521, -0.145, -0.045, -0.058, -0.575, 0.543, 0.592, -0.301, 0.015, -0.357, 0.143, 0.574, 0.397, 0.162, 0.088, -0.002, -0.214, -0.327, -0.426, -0.17, -0.308, -0.549, -0.682, 0.098, -0.012, -0.274, -0.077, -0.233, 0.029, 0.467, 0.474, 0.272, -0.319, -0.454, -0.177, -0.171, -0.098, -0.16, 0.013, 0.332, 0.305, 0.462, 0.035, -0.084, -0.159, 0.206, -0.515, -0.099, -0.637, -0.418, -0.338, 0.185, 0.461
0.299, 0.288, 0.195, 0.046, 0.286, -0.305, 0.024, 0.236, 0.1, -0.026, -0.112, 0.451, -0.511, 0.355, 0.46, 0.143, 0.241, 0.769, -0.181, -0.252, -1.462, -0.3, -0.72, -0.354, -0.381, -1.648, 0.01, 0.156, -0.195, -1.206, 0.016, 0.016, -0.004, -0.2, 0.153, 0.079, 0.004, -0.361, 0.012, 0.215, 0.292, 0.441, -1.225, -0.21, -0.769, 0.243, 0.333, -0.401, 0.28, -0.239, -0.302, -0.176, -0.391, 0.174, 0.16, -0.776, -0.397, -0.636, -1.075, 0.503, -1.285, 0.214, 0.649, 1.017
0.09, 0.128, 0.498, -0.102, 0.227, 0.474, -0.041, -0.516, -0.614, -0.109, 0.533, -0.056, -0.211, -0.299, -0.347, 0.478, -0.629, -0.798, 0.539, -0.006, 0.006, -0.001, -0.094, 0.003, 0.236, -0.19, -0.476, -0.628, -0.095, -0.634, 0.335, 0.476, 0.367, 0.355, -0.479, -0.892, -0.053, -0.556, 0.437, 0.342, -0.781, -0.474, -0.392, -0.234, -0.38, 0.205, 0.318, -0.38, -0.156, 0.073, -0.093, -0.152, -0.178, 0.051, -0.273, -0.193, -0.235, -0.214, 0.036, 0.31, 0.234, -0.571, -0.719, 0.043
0.392, 0.574, -1.364, 0.545, 0.836, 0.349, 0.359, -0.642, -0.804, 0.202, 0.444, 0.659, 0.277, -0.552, -0.51, 0.209, -1.153, -0.212, 0.789, 0.181, 0.172, 0.562, -0.257, 0.159, 0.038, -0.018, 0.523, 0.617, 0.391, -0.06, 0.331, 0.3, 0.329, 0.121, -0.44, -0.054, 0.251, -0.738, -0.092, -1.103, -1.146, -1.063, -0.052, 0.156, -0.069, -0.849, -0.541, -0.005, -0.306, -0.224, -0.127, -0.011, -0.396, -0.584, -0.785, -0.442, -0.043, -0.242, -0.094, -0.236, -0.303, -0.061, 0.215, 0.293
-0.162, -0.289, -0.056, 0.462, -0.416, 0.398, 0.186, 0.351, 0.207, -0.32, -0.22, -0.368, -0.351, 0.27, 0.167, -0.547, -0.561, -0.058, -0.406, -0.148, -0.279, -0.192, -0.263, -0.144, -0.345, -0.272, 0.269, 0.136, 0.321, 0.538, -0.537, -0.28, -0.304, -0.532, 0.133, 0.052, 0.161, 0.324, -0.138, 0.029, -0.08, -0.167, 0.153, 0.338, 0.818, -0.175, -0.18, 0.333, 0.094, -0.024, 0.27, 0.002, -0.185, -0.028, 0.056, 0.337, 0.274, 0.475, 0.517, -0.257, -0.341, -0.24, 0.036, 0.305
-0.266, -0.358, -0.352, 0.463, 0.142, 0.335, 0.126, 0.302, 0.178, -0.367, -0.393, -0.706, -0.887, 0.336, 0.383, -0.223, 0.437, 0.493, -0.578, -0.521, -0.659, -0.565, -0.68, -0.926, -0.482, -0.491, 0.314, 0.195, 0.185, 0.133, -0.148, -0.184, -0.0, -0.813, 0.099, 0.432, 0.22, 0.211, -0.082, -0.028, 0.426, 0.615, 0.278, 0.255, 0.373, 0.007, 0.339, 0.459, 0.553, -0.285, -0.151, -0.394, -0.446, 0.1, 0.431, 0.385, 0.119, 0.409, -0.054, 0.188, 0.543, 0.195, 0.775, 0.8
-0.015, -0.379, 0.274, 0.146, 0.303, 0.259, 0.086, -0.093, -0.138, 0.124, -0.341, 0.194, 0.286, -0.047, -0.011, -0.107, -0.07, -0.16, -0.227, 0.301, 0.22, 0.124, 0.136, 0.267, -0.198, 0.025, 0.022, 0.11, 0.025, 0.264, 0.043, -0.031, -0.206, -0.135, 0.17, 0.058, -0.161, -0.022, -0.274, -0.195, -0.076, -0.251, -0.073, 0.048, 0.207, -0.126, -0.141, 0.125, -0.235, 0.027, 0.167, 0.095, -0.01, -0.108, 0.033, 0.118, 0.181, 0.295, 0.384, -0.859, -0.914, -0.335, -0.078, -0.253
-0.208, -0.541, 0.449, 0.034, 0.407, -0.042, -0.094, -0.224, -0.22, -0.307, -0.577, -0.415, -0.357, 0.035, 0.351, 0.301, 0.343, 0.019, -0.487, -0.271, -0.648, -0.122, -0.108, 0.019, -0.07, -0.38, -0.124, -0.504, -0.171, -0.801, 0.278, 0.369, 0.111, 0.311, 0.171, 0.205, 0.136, -0.05, 0.326, 0.457, 0.163, 0.709, 0.219, -0.289, -0.538, 0.281, 0.573, -0.218, -0.037, -0.211, -0.222, -0.315, -0.176, 0.188, 0.447, 0.122, 0.243, 0.05, -0.311, -0.305, -0.092, 0.283, -0.069, 1.223
0.128, 0.532, -1.908, 0.381, 0.203, 0.155, -0.03, -0.155, -0.059, -0.161, 0.218, -0.037, 0.189, 0.008, -0.026, 0.0, -0.085, 0.207, 0.213, -0.373, 0.062, -0.08, -0.606, 0.483, 0.202, 0.019, -0.155, 0.151, 0.092, -0.077, -0.089, -0.093, 0.124, -0.077, 0.005, -0.033, 0.354, 0.189, -0.753, -0.449, -0.07, 0.21, 0.0, 0.011, -0.053, 0.015, -0.058, -0.048, 0.126, 0.01, -0.045, 0.045, -0.13, 0.017, -0.083, -0.117, 0.322, 0.307, 0.439, -0.413, -0.46, 0.09, -0.084, -0.17
-0.062, -0.103, 0.235, -0.359, 0.189, -0.06, 0.147, -0.316, -0.154, -0.045, -0.044, 0.086, 0.202, 0.035, -0.327, 0.013, 0.037, -0.052, 0.136, 0.134, 0.207, -0.21, -0.193, -0.02, 0.212, 0.366, -0.058, 0.212, -0.301, 0.155, -0.133, 0.193, -0.09, 0.46, -0.099, 0.299, -0.215, 0.074, 0.166, -0.033, -0.116, -0.089, -0.096, -0.071, -0.249, 0.076, 0.099, -0.136, -0.174, 0.082, -0.113, 0.069, -0.053, 0.069, 0.096, -0.165, -0.183, -0.382, 0.008, 0.352, 0.5, -0.071, -0.324, -0.118
0.166, 0.196, -1.506, 0.441, 0.743, 0.98, 0.412, 0.088, 0.091, -0.004, -0.322, -0.166, -0.021, 0.275, -0.203, -0.063, -0.206, 0.232, 0.056, -0.197, 0.022, -0.195, -1.025, -0.321, -0.235, -0.137, 0.525, 0.763, 0.151, 0.493, -0.076, 0.247, -0.333, 0.045, 0.139, 0.732, 0.248, 0.181, -0.232, -0.292, 0.368, 0.489, 0.356, 0.328, 0.546, -0.631, -0.152, 0.5, 0.473, -0.326, -0.041, -0.139, -0.352, -0.545, -0.08, -0.226, 0.167, 0.267, 0.468, -0.156, 0.247, 0.534, 0.495, 0.073
0.004, -0.046, 0.212, 0.183, 0.015, 0.107, -0.038, -0.028, -0.233, 0.108, -0.094, 0.147, 0.03, -0.159, 0.01, -0.086, -0.241, -0.03, -0.102, 0.221, 0.184, 0.166, 0.169, 0.178, -0.168, 0.022, 0.045, 0.174, -0.0, 0.152, 0.005, 0.051, -0.005, -0.055, 0.084, -0.073, -0.106, 0.13, -0.095, -0.071, -0.114, -0.156, -0.256, -0.023, 0.231, -0.02, -0.092, 0.044, -0.16, 0.041, 0.095, 0.08, 0.158, -0.041, -0.014, -0.074, 0.046, 0.268, 0.225, -0.43, -0.253, -0.057, -0.168, -0.369
-0.33, -0.32, 0.233, -0.052, 0.28, -0.226, 0.053, 0.133, 0.289, -0.338, -0.303, -0.136, -0.346, 0.311, 0.39, 0.261, 0.539, 0.239, -0.617, -0.57, -0.938, -0.28, -0.145, -0.104, -0.144, -0.197, -0.095, -0.283, -0.179, -0.649, 0.004, 0.147, 0.0, -0.195, 0.095, 0.184, 0.217, 0.078, -0.136, 0.237, 0.326, 0.428, 0.596, -0.061, -0.329, 0.014, 0.42, -0.027, 0.139, -0.183, -0.342, -0.51, -0.445, 0.075, 0.301, 0.147, 0.261, 0.609, -0.382, -0.249, 0.248, 0.474, 0.183, 0.366
0.016, -0.687, 0.273, -0.139, 0.106, -0.002, -0.145, 0.034, 0.193, -0.023, -0.426, 0.221, 0.218, 0.056, -0.091, -0.196, -0.099, 0.02, -0.254, 0.251, 0.483, 0.106, 0.102, 0.211, -0.25, -0.015, -0.185, 0.026, -0.024, 0.121, -0.025, 0.217, -0.236, 0.274, 0.055, -0.002, -0.156, 0.398, -0.304, -0.32, 0.016, -0.092, -0.083, -0.061, 0.323, -0.057, -0.248, 0.078, -0.24, 0.067, 0.244, 0.203, -0.02, -0.115, 0.081, -0.024, -0.061, 0.219, 0.215, -0.8, -1.42, -0.061, 0.151, -0.056
-0.217, -0.715, 0.54, -0.489, 0.096, -0.208, -0.345, -0.059, 0.258, 0.108, -0.398, 0.024, 0.033, -0.077, -0.032, 0.412, -0.011, 0.551, -0.518, -0.453, 0.123, -0.252, 0.155, -0.036, -0.014, -0.077, 0.174, 0.212, 0.149, 0.014, 0.071, -0.053, -0.085, 0.46, 0.155, 0.566, 0.129, -0.047, 0.159, 0.656, -0.051, 0.233, 0.206, -0.024, -0.196, 0.187, 0.375, -0.01, -0.023, -0.339, -0.511, -0.62, -0.558, 0.145, 0.385, 0.489, 0.563, 0.182, 0.007, -0.012, -0.278, -0.051, -0.352, 0.425
0.003, 0.109, 0.088, -0.165, 0.018, -0.259, 0.173, -0.075, -0.327, 0.034, 0.035, -0.176, 0.194, 0.05, -0.397, 0.004, 0.015, -0.182, 0.2, 0.007, 0.137, -0.117, -0.215, -0.019, 0.141, -0.043, -0.0, -0.123, -0.165, -0.252, 0.033, -0.147, 0.168, 0.11, -0.167, -0.291, -0.208, -0.435, 0.371, 0.204, -0.08, 0.146, -0.115, -0.144, -0.291, 0.114, -0.088, -0.144, -0.154, 0.101, -0.238, 0.074, -0.141, 0.093, -0.129, -0.041, -0.146, -0.06, -0.119, -0.208, -0.494, 0.073, -0.371, -0.151
0.002, 0.178, -2.096, 0.432, 0.178, 0.67, 0.5, -0.089, 0.078, -0.08, -0.175, -0.207, -0.016, 0.248, -0.11, -0.019, 0.205, -0.095, -0.188, -0.287, -0.067, -0.231, -0.183, 0.196, 0.183, 0.363, 0.394, 0.305, 0.344, 0.453, -0.421, -0.469, -0.539, -0.192, 0.227, 0.19, -0.202, -0.082, 0.042, 0.377, 0.106, 0.097, 0.393, 0.531, 0.494, -0.452, -0.284, 0.542, 0.245, -0.269, -0.111, -0.054, -0.198, -0.351, -0.097, 0.373, 0.378, 0.953, 0.558, -0.164, -0.229, 0.249, -0.069, 0.121
0.172, -0.198, 0.11, -1.402, -1.875, -1.67, -1.544, 0.525, 0.434, 0.104, -0.114, 0.165, 0.367, 0.075, -0.058, 0.056, -0.046, 0.104, 0.048, 0.273, 0.208, 0.192, 0.051, 0.139, -0.011, -0.101, -0.821, -0.964, -0.526, -0.541, 0.098, 0.12, 0.039, 0.184, -0.005, -0.004, -0.06, -0.062, 0.098, 0.1, 0.035, -0.115, -0.061, -0.838, -0.462, 0.046, -0.006, -0.867, -0.779, 0.088, 0.207, 0.196, 0.061, -0.023, 0.186, -0.806, -1.181, -0.775, -1.11, -0.203, 0.017, -0.014, -0.067, -0.203
-0.521, -0.747, -0.016, -0.111, 0.258, -0.345, 0.24, 0.085, 0.043, -0.295, -0.566, -0.559, -0.416, -0.164, -0.016, -0.165, -0.029, 0.121, -0.69, -0.607, -0.793, -0.581, -0.14, -0.086, 0.101, -0.371, 0.869, 0.769, 0.838, 0.586, -0.311, -0.189, -0.323, -0.202, -0.352, -0.017, -0.318, -0.227, 0.149, 0.82, -0.074, 0.186, 0.146, 0.94, 0.529, -0.121, -0.023, 0.903, 0.963, -0.377, -0.346, -0.591, -0.687, -0.148, 0.313, 0.976, 0.987, 0.919, 0.586, 0.349, 0.149, 0.282, -0.168, 0.05
-0.131, 0.62, -0.015, -0.046, 0.101, -0.281, -0.003, 0.052, -0.227, -0.009, 0.275, -0.2, 0.018, -0.011, -0.054, 0.011, 0.029, -0.028, 0.236, -0.127, -0.006, -0.14, -0.126, -0.031, 0.102, 0.233, -0.074, -0.115, 0.027, -0.193, -0.194, -0.23, 0.177, 0.16, -0.05, 0.014, 0.234, -0.055, -0.137, -0.331, 0.015, -0.129, 0.008, -0.113, -0.258, 0.086, -0.125, -0.079, -0.156, 0.076, -0.026, 0.077, 0.0, -0.107, 0.038, -0.108, -0.169, 0.009, 0.05, 0.163, 0.317, 0.253, -0.273, -0.496
-0.006, 0.54, -1.803, 0.594, 0.371, 0.403, 0.15, 0.08, -0.105, -0.175, 0.086, -0.313, -0.132, 0.099, 0.077, -0.05, -0.159, 0.148, 0.047, -0.177, 0.011, -0.094, -0.551, 0.087, 0.054, 0.021, 0.166, 0.249, 0.128, 0.249, -0.246, 0.061, 0.13, -0.109, -0.026, 0.006, -0.211, -0.054, -0.018, -0.006, 0.106, -0.065, -0.036, 0.442, 0.561, -0.355, 0.126, 0.238, 0.642, -0.361, -0.151, -0.317, -0.291, 0.31, 0.264, -0.339, -0.203, 0.424, 0.172, 0.026, 0.261, -0.248, -0.072, 0.086
-0.597, -1.595, -0.013, -0.149, -0.499, 0.016, -0.269, 0.031, 0.524, -0.095, -0.19, 0.183, 0.26, 0.105, 0.192, -0.794, 0.279, 0.106, -0.139, 0.173, 0.308, -0.189, 0.261, 0.282, 0.159, 0.232, 0.172, -0.044, 0.417, 0.227, -0.604, -0.641, -0.478, -0.451, 0.213, 0.029, 0.436, 0.812, -0.606, -0.362, 0.209, 0.205, 0.27, 0.025, 0.631, -0.342, -0.245, 0.222, 0.083, 0.15, 0.024, 0.187, 0.255, -0.201, 0.028, 0.344, 0.035, -0.181, -0.087, -0.641, -0.637, -0.744, -1.031, -1.33
-0.664, -0.808, -0.313, 0.283, -0.146, 0.241, -0.329, 0.269, 0.684, -0.242, 0.1, -0.463, 0.521, 0.49, 0.186, -0.102, 0.465, -0.091, -0.381, -0.668, -0.363, -0.587, 0.0, -0.639, -0.148, -0.239, -0.167, 0.249, 0.097, -0.342, -0.786, -0.682, -0.279, -0.13, 0.281, 0.2, 0.833, 0.985, -0.159, -0.103, 0.551, 0.574, 0.544, 0.156, -0.49, -0.165, 0.094, 0.037, 0.19, -0.196, -0.355, -0.317, -0.188, -0.26, 0.346, 0.316, 0.195, -0.083, -0.322, 0.088, -0.48, -0.286, -0.388, -0.136
0.5, 0.113, 0.335, -0.162, -0.07, 0.227, 0.121, -0.171, -0.001, 0.074, 0.394, -0.351, 0.92, -0.074, -0.166, 0.548, -0.854, -1.065, 0.488, -0.239, 0.478, -0.184, -0.651, 0.089, 0.253, 0.113, -0.369, -0.814, -0.027, -0.384, 0.245, -0.057, 0.287, 0.129, -2.118, -1.6, -1.742, -1.408, 0.347, 0.306, -0.72, -0.732, -1.054, -0.477, -0.488, 0.22, -0.109, -0.179, -0.839, -0.015, -0.326, 0.032, -0.396, 0.004, 0.113, -0.559, -0.097, -0.262, -0.618, 0.29, 0.424, -0.268, 0.492, 0.145
0.757, 0.799, -1.059, 0.583, 0.092, 0.008, -0.188, -0.55, -0.3, -0.105, 0.157, 0.387, 0.37, -0.596, -0.33, 0.997, -0.81, -0.293, 0.659, 0.241, 0.8, 0.035, -0.793, -0.205, -0.077, -0.548, -0.76, -0.41, -0.199, -0.585, 0.629, 0.642, 1.089, 1.156, -0.562, -0.637, 0.138, 0.132, 0.173, 0.265, -0.868, -1.022, -0.571, -0.12, 0.104, -0.782, -0.673, -0.015, 0.038, -0.571, -0.093, -0.169, -0.256, -0.484, -0.223, -0.677, -0.645, -0.044, -0.177, -0.269, -0.376, -0.482, 0.533, -0.349
0.23, 0.739, 0.015, 0.114, -0.338, -0.414, -0.341, -0.138, -0.407, -0.458, 0.092, -0.531, -0.014, -0.239, -0.697, 0.06, -0.175, 0.036, 0.162, -0.012, 0.245, -0.111, -0.761, -0.51, 0.115, 0.158, -0.345, -0.064, -0.352, 0.039, 0.103, 0.087, 0.322, 0.563, -1.747, -2.156, -1.521, -1.764, 0.579, 0.48, -0.215, -0.415, -0.444, -0.141, 0.259, 0.477, 0.234, -0.234, -0.442, 0.032, 0.095, -0.004, -0.606, 0.361, 0.224, -0.633, -0.29, 0.146, -0.117, 0.644, 0.543, 0.674, 0.543, 0.772
0.111, 0.972, -1.245, 0.208, 0.274, 1.359, 0.318, -0.278, -0.37, -0.027, 0.357, -0.174, 0.381, -0.219, -0.402, -0.341, -0.573, 0.606, 0.147, -0.629, 0.324, -0.274, -1.091, -0.294, 0.101, -0.488, -0.778, 0.267, -0.469, 0.037, 0.159, -0.036, 0.22, 0.19, -0.082, -0.778, -0.015, 0.538, 0.202, 0.415, -0.291, 0.021, 0.095, -0.288, 0.806, 0.049, 0.185, -0.02, 0.55, -0.306, 0.438, -0.161, -0.399, -0.259, 0.543, -0.391, -0.105, 0.402, 0.45, 0.744, 1.12, 0.453, 1.085, 0.925
-0.799, 0.698, 0.022, -0.213, -0.654, 0.059, -0.857, -0.842, -0.694, -1.04, -0.242, -0.483, -0.001, -0.546, -0.507, -0.441, -0.944, 0.274, -0.364, -1.027, -0.442, -0.773, -0.935, 0.432, -0.545, 0.066, -1.509, 0.289, -1.303, -0.023, -0.716, -0.28, -0.19, -0.19, -0.55, 0.563, -0.444, 0.219, -0.372, 0.623, -0.55, 0.062, -0.24, -1.119, 0.046, -0.441, 0.309, -1.217, -0.545, -0.808, 0.001, -0.219, -0.148, -0.466, 0.448, -3.009, -1.363, -0.782, 0.332, 0.464, 1.204, -1.045, -0.435, 0.115
0.039, 1.57, -1.446, 1.075, 0.769, 1.607, 0.109, -0.257, 0.222, 0.328, 0.095, 0.359, 1.524, 0.029, 0.507, 0.879, -0.553, 0.632, 0.02, -0.368, 1.371, 0.439, -0.451, 1.081, 0.902, 1.074, -0.22, 1.281, 0.531, 1.428, -0.058, 0.82, -0.362, -0.524, 0.151, 0.751, -0.032, 1.347, -0.14, 1.005, -0.106, 0.327, -0.161, 0.19, 1.294, -0.063, 0.262, 0.046, 1.516, 0.694, 1.516, 0.189, 0.945, -0.03, 1.028, -1.8, -0.409, 0.619, 0.988, 0.304, 1.643, -0.505, 0.201, 0.302
-0.252, 1.364, 0.455, 0.615, 0.575, 1.223, -0.2, 0.518, 0.87, -0.438, 0.462, 0.768, 1.121, 0.605, 0.51, -0.052, 0.092, 1.379, 0.652, 0.784, 1.501, -0.575, -0.195, 0.329, -0.034, 0.762, -0.069, 1.048, 0.494, 1.656, 0.384, 0.671, 0.445, 0.849, -1.626, -0.06, -1.04, 0.377, 0.341, 1.688, 0.32, 0.996, 0.437, 0.165, 1.562, 0.101, 0.946, 0.124, 1.318, -0.265, 0.987, 0.001, 0.168, 0.062, 0.8, -0.998, -1.058, 0.021, 0.908, 1.129, 1.849, 0.306, 0.405, 1.216
