0.18, 0.0, 0.15, 0.02, 0.07, 0.07, 0.1, 0.03, 0.18, 0.12, 0.02, 0.08, 0.17, 0.2, 0.21, 0.26, 0.2, 0.16, 0.09, 0.1, 0.11, 0.13, 0.16, 0.12, 0.05, 0.05, 0.14, 0.07, 0.12, 0.13, 0.1, 0.11, 0.04, 0.08, 0.15, 0.09, 0.06, 0.09, 0.04, 0.05, 0.19, 0.18, 0.4, 0.21, 0.26, 0.15, 0.19, 0.21, 0.23, 0.19, 0.22, 0.22, 0.12, 0.15, 0.16, 0.16, 0.14, 0.06, 0.05, 0.02, 0.02, 0.16, 0.12, 0.08
0.02, 0.0, 0.02, 0.01, 0.02, 0.01, 0.01, 0.01, 0.01, 0.02, 0.01, 0.02, 0.02, 0.05, 0.04, 0.04, 0.05, 0.05, 0.02, 0.02, 0.02, 0.02, 0.01, 0.02, 0.01, 0.01, 0.02, 0.01, 0.02, 0.02, 0.02, 0.02, 0.01, 0.02, 0.02, 0.02, 0.01, 0.02, 0.01, 0.02, 0.02, 0.02, 0.1, 0.02, 0.02, 0.03, 0.03, 0.03, 0.02, 0.04, 0.02, 0.02, 0.02, 0.05, 0.03, 0.01, 0.02, 0.01, 0.01, 0.01, 0.01, 0.05, 0.03, 0.05
0.2, 0.01, 0.4, 0.03, 0.16, 0.09, 0.07, 0.01, 0.12, 0.13, 0.05, 0.18, 0.19, 0.17, 0.33, 0.7, 0.17, 0.37, 0.13, 0.19, 0.08, 0.11, 0.17, 0.25, 0.1, 0.04, 0.1, 0.14, 0.16, 0.08, 0.11, 0.31, 0.08, 0.1, 0.08, 0.13, 0.04, 0.06, 0.04, 0.09, 0.18, 0.4, 0.5, 0.26, 0.23, 0.2, 0.41, 0.17, 0.33, 0.27, 0.26, 0.2, 0.42, 0.27, 0.34, 0.13, 0.22, 0.06, 0.03, 0.02, 0.02, 0.24, 0.18, 0.09
0.02, 0.01, 0.02, 0.01, 0.03, 0.02, 0.02, 0.01, 0.02, 0.02, 0.02, 0.02, 0.02, 0.05, 0.06, 0.04, 0.04, 0.1, 0.04, 0.03, 0.02, 0.03, 0.03, 0.05, 0.04, 0.02, 0.03, 0.02, 0.03, 0.03, 0.02, 0.02, 0.02, 0.01, 0.02, 0.02, 0.01, 0.02, 0.01, 0.02, 0.03, 0.03, 0.1, 0.06, 0.04, 0.02, 0.03, 0.03, 0.04, 0.09, 0.05, 0.04, 0.04, 0.06, 0.03, 0.02, 0.05, 0.02, 0.01, 0.01, 0.0, 0.07, 0.03, 0.08
0.09, 0.02, 0.17, 0.03, 0.05, 0.02, 0.02, 0.01, 0.02, 0.06, 0.04, 0.08, 0.06, 0.06, 0.1, 0.35, 0.04, 0.09, 0.06, 0.08, 0.03, 0.04, 0.06, 0.12, 0.05, 0.02, 0.02, 0.06, 0.03, 0.01, 0.05, 0.18, 0.05, 0.05, 0.02, 0.05, 0.02, 0.02, 0.02, 0.06, 0.1, 0.23, 0.12, 0.1, 0.07, 0.12, 0.29, 0.06, 0.13, 0.15, 0.09, 0.13, 0.22, 0.18, 0.17, 0.02, 0.04, 0.01, 0.01, 0.01, 0.01, 0.13, 0.05, 0.03
0.09, 0.01, 0.14, 0.02, 0.07, 0.08, 0.05, 0.01, 0.05, 0.05, 0.03, 0.04, 0.07, 0.12, 0.13, 0.2, 0.08, 0.19, 0.04, 0.03, 0.03, 0.03, 0.04, 0.05, 0.03, 0.02, 0.05, 0.06, 0.09, 0.08, 0.04, 0.1, 0.04, 0.04, 0.03, 0.03, 0.01, 0.03, 0.02, 0.05, 0.09, 0.11, 0.33, 0.12, 0.15, 0.06, 0.1, 0.11, 0.19, 0.08, 0.06, 0.06, 0.04, 0.1, 0.1, 0.09, 0.14, 0.03, 0.04, 0.01, 0.01, 0.08, 0.06, 0.07
0.07, 0.01, 0.11, 0.01, 0.05, 0.02, 0.03, 0.02, 0.04, 0.05, 0.02, 0.06, 0.05, 0.1, 0.11, 0.1, 0.06, 0.08, 0.04, 0.08, 0.04, 0.06, 0.06, 0.07, 0.03, 0.02, 0.07, 0.05, 0.04, 0.05, 0.04, 0.06, 0.02, 0.03, 0.06, 0.05, 0.02, 0.03, 0.01, 0.03, 0.1, 0.09, 0.09, 0.08, 0.07, 0.08, 0.09, 0.09, 0.1, 0.09, 0.11, 0.14, 0.09, 0.08, 0.05, 0.06, 0.07, 0.02, 0.02, 0.0, 0.0, 0.07, 0.06, 0.04
0.02, 0.01, 0.02, 0.01, 0.01, 0.01, 0.01, 0.01, 0.01, 0.02, 0.01, 0.01, 0.02, 0.03, 0.03, 0.05, 0.03, 0.05, 0.02, 0.02, 0.02, 0.02, 0.02, 0.03, 0.02, 0.01, 0.01, 0.01, 0.01, 0.02, 0.02, 0.02, 0.01, 0.02, 0.02, 0.01, 0.01, 0.02, 0.01, 0.02, 0.02, 0.02, 0.07, 0.03, 0.03, 0.02, 0.03, 0.03, 0.02, 0.05, 0.03, 0.04, 0.03, 0.04, 0.03, 0.02, 0.02, 0.01, 0.01, 0.01, 0.01, 0.02, 0.01, 0.04
0.09, 0.01, 0.09, 0.01, 0.05, 0.07, 0.04, 0.01, 0.07, 0.06, 0.03, 0.05, 0.1, 0.09, 0.11, 0.26, 0.1, 0.14, 0.05, 0.03, 0.06, 0.07, 0.07, 0.07, 0.03, 0.04, 0.07, 0.04, 0.06, 0.08, 0.04, 0.06, 0.02, 0.04, 0.05, 0.04, 0.02, 0.06, 0.02, 0.04, 0.1, 0.08, 0.29, 0.08, 0.16, 0.07, 0.09, 0.09, 0.1, 0.11, 0.09, 0.12, 0.06, 0.06, 0.1, 0.07, 0.07, 0.02, 0.03, 0.01, 0.01, 0.05, 0.05, 0.05
0.11, 0.01, 0.12, 0.02, 0.06, 0.03, 0.06, 0.02, 0.07, 0.1, 0.04, 0.06, 0.09, 0.13, 0.11, 0.13, 0.07, 0.07, 0.07, 0.09, 0.06, 0.11, 0.09, 0.09, 0.04, 0.03, 0.12, 0.06, 0.1, 0.09, 0.05, 0.08, 0.02, 0.03, 0.1, 0.08, 0.03, 0.05, 0.01, 0.02, 0.13, 0.1, 0.12, 0.12, 0.17, 0.09, 0.11, 0.14, 0.16, 0.12, 0.14, 0.17, 0.1, 0.08, 0.09, 0.1, 0.11, 0.04, 0.03, 0.0, 0.01, 0.1, 0.11, 0.06
0.04, 0.01, 0.05, 0.02, 0.04, 0.03, 0.03, 0.01, 0.03, 0.04, 0.03, 0.04, 0.04, 0.09, 0.12, 0.08, 0.08, 0.11, 0.05, 0.05, 0.04, 0.04, 0.05, 0.07, 0.05, 0.02, 0.04, 0.03, 0.04, 0.04, 0.04, 0.05, 0.03, 0.03, 0.04, 0.05, 0.02, 0.04, 0.02, 0.03, 0.05, 0.03, 0.19, 0.09, 0.06, 0.05, 0.06, 0.05, 0.07, 0.15, 0.07, 0.08, 0.07, 0.11, 0.07, 0.04, 0.06, 0.02, 0.01, 0.01, 0.01, 0.07, 0.04, 0.06
0.08, 0.02, 0.17, 0.02, 0.05, 0.02, 0.03, 0.01, 0.03, 0.05, 0.04, 0.06, 0.05, 0.1, 0.11, 0.34, 0.09, 0.16, 0.06, 0.06, 0.03, 0.04, 0.06, 0.1, 0.04, 0.02, 0.03, 0.06, 0.06, 0.02, 0.06, 0.19, 0.05, 0.05, 0.03, 0.06, 0.02, 0.03, 0.03, 0.06, 0.12, 0.22, 0.16, 0.12, 0.07, 0.15, 0.27, 0.09, 0.16, 0.12, 0.1, 0.15, 0.17, 0.15, 0.18, 0.04, 0.08, 0.02, 0.01, 0.01, 0.01, 0.11, 0.09, 0.05
0.15, 0.02, 0.22, 0.03, 0.1, 0.12, 0.07, 0.02, 0.1, 0.09, 0.04, 0.08, 0.17, 0.17, 0.18, 0.44, 0.17, 0.25, 0.08, 0.06, 0.08, 0.07, 0.08, 0.13, 0.07, 0.06, 0.06, 0.06, 0.09, 0.11, 0.07, 0.13, 0.05, 0.07, 0.06, 0.05, 0.03, 0.08, 0.03, 0.06, 0.16, 0.2, 0.53, 0.14, 0.24, 0.11, 0.17, 0.15, 0.18, 0.18, 0.13, 0.16, 0.1, 0.15, 0.17, 0.13, 0.16, 0.04, 0.05, 0.01, 0.01, 0.1, 0.1, 0.11
0.23, 0.03, 0.25, 0.02, 0.05, 0.03, 0.07, 0.05, 0.12, 0.18, 0.07, 0.14, 0.18, 0.13, 0.21, 0.41, 0.23, 0.2, 0.1, 0.16, 0.13, 0.18, 0.2, 0.17, 0.06, 0.06, 0.09, 0.06, 0.07, 0.08, 0.14, 0.2, 0.06, 0.09, 0.14, 0.11, 0.05, 0.08, 0.05, 0.11, 0.24, 0.12, 0.38, 0.13, 0.13, 0.2, 0.25, 0.15, 0.14, 0.28, 0.27, 0.34, 0.18, 0.23, 0.22, 0.08, 0.07, 0.06, 0.04, 0.04, 0.03, 0.19, 0.13, 0.13
0.18, 0.02, 0.3, 0.06, 0.22, 0.08, 0.12, 0.03, 0.14, 0.11, 0.06, 0.14, 0.12, 0.23, 0.43, 0.59, 0.17, 0.4, 0.11, 0.14, 0.08, 0.1, 0.17, 0.21, 0.07, 0.04, 0.14, 0.19, 0.25, 0.12, 0.08, 0.28, 0.07, 0.09, 0.08, 0.16, 0.05, 0.07, 0.03, 0.07, 0.2, 0.44, 0.62, 0.39, 0.35, 0.18, 0.38, 0.24, 0.48, 0.23, 0.22, 0.21, 0.28, 0.23, 0.31, 0.22, 0.3, 0.08, 0.05, 0.02, 0.01, 0.31, 0.16, 0.08
0.4, 0.03, 0.57, 0.05, 0.26, 0.31, 0.17, 0.02, 0.19, 0.23, 0.07, 0.24, 0.46, 0.42, 0.58, 1.0, 0.45, 0.55, 0.26, 0.21, 0.24, 0.28, 0.27, 0.36, 0.19, 0.18, 0.23, 0.19, 0.31, 0.27, 0.23, 0.35, 0.19, 0.23, 0.15, 0.16, 0.07, 0.19, 0.15, 0.27, 0.41, 0.59, 1.0, 0.36, 0.64, 0.43, 0.57, 0.41, 0.59, 0.6, 0.4, 0.56, 0.44, 0.44, 0.56, 0.33, 0.36, 0.12, 0.11, 0.04, 0.04, 0.32, 0.38, 0.3
0.17, 0.03, 0.16, 0.04, 0.04, 0.05, 0.06, 0.04, 0.14, 0.1, 0.06, 0.08, 0.19, 0.23, 0.2, 0.34, 0.19, 0.18, 0.13, 0.12, 0.13, 0.13, 0.19, 0.17, 0.07, 0.07, 0.07, 0.05, 0.07, 0.07, 0.08, 0.1, 0.04, 0.07, 0.11, 0.08, 0.07, 0.09, 0.04, 0.04, 0.22, 0.12, 0.38, 0.11, 0.14, 0.17, 0.13, 0.14, 0.15, 0.24, 0.22, 0.21, 0.16, 0.17, 0.14, 0.09, 0.07, 0.07, 0.05, 0.02, 0.02, 0.1, 0.12, 0.17
0.25, 0.06, 0.32, 0.06, 0.14, 0.14, 0.1, 0.05, 0.14, 0.15, 0.1, 0.13, 0.18, 0.25, 0.32, 0.66, 0.24, 0.38, 0.14, 0.13, 0.1, 0.11, 0.16, 0.17, 0.1, 0.06, 0.13, 0.13, 0.32, 0.16, 0.12, 0.32, 0.14, 0.13, 0.07, 0.13, 0.1, 0.12, 0.04, 0.12, 0.21, 0.44, 0.62, 0.44, 0.3, 0.27, 0.44, 0.26, 0.44, 0.32, 0.23, 0.33, 0.3, 0.33, 0.36, 0.18, 0.23, 0.09, 0.08, 0.04, 0.07, 0.21, 0.11, 0.29
0.09, 0.02, 0.11, 0.03, 0.06, 0.07, 0.04, 0.03, 0.06, 0.06, 0.06, 0.06, 0.08, 0.11, 0.15, 0.21, 0.11, 0.15, 0.09, 0.07, 0.06, 0.07, 0.09, 0.1, 0.06, 0.03, 0.08, 0.06, 0.11, 0.09, 0.05, 0.11, 0.06, 0.07, 0.04, 0.05, 0.04, 0.06, 0.03, 0.05, 0.1, 0.12, 0.38, 0.14, 0.14, 0.08, 0.13, 0.1, 0.16, 0.18, 0.1, 0.12, 0.11, 0.12, 0.15, 0.08, 0.11, 0.05, 0.03, 0.01, 0.01, 0.12, 0.06, 0.09
0.09, 0.02, 0.21, 0.02, 0.06, 0.03, 0.03, 0.01, 0.04, 0.05, 0.04, 0.07, 0.07, 0.09, 0.15, 0.35, 0.06, 0.26, 0.07, 0.07, 0.03, 0.05, 0.08, 0.11, 0.06, 0.01, 0.05, 0.08, 0.06, 0.04, 0.05, 0.18, 0.05, 0.06, 0.04, 0.08, 0.03, 0.05, 0.02, 0.06, 0.14, 0.23, 0.08, 0.13, 0.1, 0.12, 0.26, 0.09, 0.17, 0.14, 0.12, 0.15, 0.18, 0.13, 0.19, 0.06, 0.12, 0.03, 0.01, 0.01, 0.01, 0.13, 0.13, 0.05
0.12, 0.02, 0.12, 0.03, 0.04, 0.08, 0.06, 0.02, 0.09, 0.06, 0.04, 0.04, 0.12, 0.15, 0.08, 0.26, 0.1, 0.12, 0.05, 0.03, 0.05, 0.04, 0.05, 0.04, 0.03, 0.03, 0.05, 0.03, 0.06, 0.08, 0.03, 0.03, 0.02, 0.04, 0.03, 0.02, 0.02, 0.09, 0.02, 0.02, 0.12, 0.07, 0.36, 0.09, 0.17, 0.08, 0.07, 0.14, 0.12, 0.09, 0.09, 0.11, 0.05, 0.08, 0.1, 0.08, 0.07, 0.03, 0.04, 0.01, 0.01, 0.09, 0.06, 0.06
0.1, 0.01, 0.11, 0.01, 0.03, 0.02, 0.04, 0.02, 0.06, 0.07, 0.04, 0.05, 0.09, 0.15, 0.11, 0.18, 0.11, 0.11, 0.07, 0.07, 0.08, 0.09, 0.13, 0.1, 0.05, 0.04, 0.07, 0.04, 0.06, 0.06, 0.06, 0.09, 0.03, 0.06, 0.07, 0.06, 0.03, 0.05, 0.02, 0.03, 0.14, 0.09, 0.18, 0.1, 0.13, 0.11, 0.14, 0.11, 0.12, 0.12, 0.16, 0.17, 0.1, 0.09, 0.14, 0.09, 0.08, 0.04, 0.03, 0.01, 0.01, 0.13, 0.05, 0.03
0.13, 0.01, 0.13, 0.03, 0.01, 0.05, 0.06, 0.02, 0.09, 0.12, 0.05, 0.06, 0.16, 0.19, 0.12, 0.21, 0.16, 0.13, 0.11, 0.1, 0.1, 0.12, 0.13, 0.2, 0.07, 0.05, 0.07, 0.03, 0.07, 0.06, 0.06, 0.08, 0.03, 0.05, 0.09, 0.09, 0.03, 0.08, 0.02, 0.03, 0.1, 0.13, 0.27, 0.1, 0.13, 0.09, 0.13, 0.08, 0.1, 0.16, 0.18, 0.16, 0.14, 0.1, 0.13, 0.09, 0.1, 0.04, 0.02, 0.01, 0.01, 0.08, 0.06, 0.06
0.16, 0.03, 0.18, 0.04, 0.08, 0.07, 0.06, 0.02, 0.06, 0.1, 0.07, 0.05, 0.13, 0.16, 0.16, 0.5, 0.11, 0.26, 0.11, 0.07, 0.06, 0.08, 0.11, 0.18, 0.1, 0.04, 0.09, 0.12, 0.14, 0.06, 0.08, 0.24, 0.07, 0.09, 0.05, 0.11, 0.03, 0.05, 0.03, 0.08, 0.16, 0.31, 0.44, 0.17, 0.2, 0.17, 0.32, 0.12, 0.23, 0.22, 0.19, 0.21, 0.27, 0.17, 0.28, 0.1, 0.14, 0.04, 0.03, 0.02, 0.02, 0.2, 0.07, 0.06
0.1, 0.03, 0.15, 0.03, 0.05, 0.03, 0.04, 0.03, 0.04, 0.04, 0.04, 0.03, 0.04, 0.11, 0.14, 0.21, 0.09, 0.11, 0.04, 0.03, 0.02, 0.03, 0.02, 0.03, 0.02, 0.01, 0.05, 0.02, 0.06, 0.04, 0.05, 0.09, 0.05, 0.05, 0.04, 0.05, 0.04, 0.04, 0.02, 0.04, 0.08, 0.12, 0.15, 0.11, 0.07, 0.1, 0.14, 0.08, 0.13, 0.08, 0.04, 0.07, 0.06, 0.14, 0.09, 0.05, 0.08, 0.03, 0.01, 0.01, 0.01, 0.16, 0.07, 0.06
0.05, 0.01, 0.04, 0.02, 0.03, 0.04, 0.06, 0.01, 0.04, 0.03, 0.03, 0.02, 0.05, 0.07, 0.05, 0.08, 0.07, 0.07, 0.04, 0.02, 0.04, 0.03, 0.01, 0.01, 0.02, 0.0, 0.05, 0.02, 0.06, 0.06, 0.01, 0.01, 0.01, 0.02, 0.01, 0.01, 0.01, 0.02, 0.01, 0.01, 0.07, 0.04, 0.13, 0.1, 0.12, 0.03, 0.02, 0.14, 0.11, 0.06, 0.06, 0.07, 0.03, 0.05, 0.03, 0.06, 0.06, 0.03, 0.03, 0.01, 0.01, 0.05, 0.08, 0.05
0.09, 0.01, 0.1, 0.01, 0.02, 0.02, 0.02, 0.01, 0.04, 0.06, 0.04, 0.05, 0.09, 0.12, 0.08, 0.18, 0.09, 0.09, 0.08, 0.06, 0.08, 0.08, 0.12, 0.11, 0.04, 0.04, 0.05, 0.02, 0.05, 0.05, 0.05, 0.07, 0.03, 0.06, 0.06, 0.06, 0.04, 0.05, 0.03, 0.04, 0.17, 0.13, 0.18, 0.09, 0.08, 0.11, 0.11, 0.1, 0.11, 0.11, 0.13, 0.17, 0.1, 0.11, 0.14, 0.08, 0.06, 0.04, 0.03, 0.01, 0.01, 0.09, 0.05, 0.06
0.09, 0.02, 0.2, 0.02, 0.04, 0.02, 0.02, 0.01, 0.03, 0.04, 0.04, 0.07, 0.07, 0.09, 0.13, 0.34, 0.07, 0.15, 0.06, 0.07, 0.04, 0.04, 0.04, 0.07, 0.02, 0.01, 0.03, 0.01, 0.04, 0.03, 0.05, 0.17, 0.07, 0.08, 0.02, 0.04, 0.03, 0.03, 0.03, 0.08, 0.12, 0.16, 0.07, 0.08, 0.07, 0.12, 0.24, 0.05, 0.14, 0.12, 0.1, 0.13, 0.15, 0.12, 0.15, 0.03, 0.07, 0.03, 0.01, 0.01, 0.01, 0.11, 0.08, 0.07
0.08, 0.02, 0.08, 0.05, 0.05, 0.11, 0.04, 0.02, 0.06, 0.08, 0.08, 0.07, 0.1, 0.13, 0.17, 0.2, 0.13, 0.17, 0.12, 0.07, 0.07, 0.08, 0.15, 0.14, 0.09, 0.06, 0.08, 0.05, 0.17, 0.13, 0.05, 0.09, 0.06, 0.06, 0.03, 0.04, 0.06, 0.06, 0.04, 0.05, 0.09, 0.13, 0.34, 0.14, 0.18, 0.07, 0.1, 0.1, 0.16, 0.22, 0.15, 0.16, 0.14, 0.08, 0.16, 0.1, 0.14, 0.04, 0.05, 0.01, 0.02, 0.08, 0.04, 0.15
0.15, 0.03, 0.13, 0.04, 0.05, 0.13, 0.07, 0.02, 0.09, 0.05, 0.04, 0.03, 0.1, 0.17, 0.11, 0.29, 0.13, 0.16, 0.05, 0.02, 0.05, 0.04, 0.04, 0.03, 0.02, 0.02, 0.05, 0.03, 0.1, 0.1, 0.03, 0.04, 0.03, 0.05, 0.02, 0.02, 0.03, 0.07, 0.03, 0.04, 0.11, 0.09, 0.4, 0.12, 0.23, 0.1, 0.13, 0.16, 0.17, 0.08, 0.09, 0.11, 0.04, 0.08, 0.16, 0.08, 0.08, 0.04, 0.04, 0.01, 0.01, 0.06, 0.09, 0.1
0.06, 0.01, 0.08, 0.01, 0.03, 0.02, 0.04, 0.01, 0.06, 0.07, 0.03, 0.05, 0.07, 0.13, 0.11, 0.12, 0.08, 0.06, 0.06, 0.06, 0.06, 0.07, 0.1, 0.09, 0.05, 0.03, 0.06, 0.04, 0.06, 0.06, 0.05, 0.05, 0.03, 0.03, 0.05, 0.04, 0.04, 0.04, 0.01, 0.02, 0.07, 0.07, 0.17, 0.12, 0.11, 0.08, 0.09, 0.09, 0.12, 0.12, 0.13, 0.14, 0.1, 0.07, 0.08, 0.08, 0.08, 0.04, 0.03, 0.01, 0.01, 0.05, 0.07, 0.07
0.14, 0.02, 0.31, 0.03, 0.09, 0.06, 0.04, 0.01, 0.1, 0.08, 0.05, 0.12, 0.13, 0.13, 0.26, 0.49, 0.18, 0.31, 0.13, 0.13, 0.07, 0.09, 0.13, 0.19, 0.08, 0.01, 0.08, 0.09, 0.17, 0.07, 0.09, 0.25, 0.08, 0.1, 0.07, 0.1, 0.06, 0.08, 0.03, 0.09, 0.19, 0.38, 0.17, 0.22, 0.16, 0.15, 0.37, 0.12, 0.25, 0.23, 0.21, 0.18, 0.27, 0.18, 0.32, 0.11, 0.18, 0.05, 0.01, 0.01, 0.01, 0.12, 0.15, 0.07
0.06, 0.01, 0.07, 0.02, 0.04, 0.04, 0.03, 0.01, 0.04, 0.04, 0.03, 0.04, 0.05, 0.07, 0.08, 0.13, 0.06, 0.09, 0.06, 0.04, 0.04, 0.04, 0.05, 0.05, 0.04, 0.03, 0.04, 0.03, 0.07, 0.05, 0.03, 0.05, 0.05, 0.05, 0.03, 0.03, 0.03, 0.04, 0.02, 0.04, 0.06, 0.06, 0.27, 0.08, 0.07, 0.06, 0.09, 0.07, 0.09, 0.08, 0.06, 0.09, 0.06, 0.1, 0.1, 0.03, 0.05, 0.03, 0.03, 0.01, 0.01, 0.08, 0.1, 0.06
0.11, 0.01, 0.12, 0.02, 0.04, 0.08, 0.07, 0.01, 0.07, 0.06, 0.03, 0.04, 0.11, 0.12, 0.11, 0.26, 0.11, 0.1, 0.04, 0.03, 0.04, 0.04, 0.05, 0.05, 0.03, 0.03, 0.04, 0.03, 0.05, 0.05, 0.03, 0.04, 0.02, 0.04, 0.03, 0.02, 0.02, 0.08, 0.02, 0.03, 0.09, 0.08, 0.38, 0.08, 0.17, 0.07, 0.09, 0.12, 0.14, 0.09, 0.08, 0.11, 0.05, 0.05, 0.09, 0.07, 0.06, 0.03, 0.03, 0.01, 0.02, 0.07, 0.07, 0.1
0.07, 0.01, 0.05, 0.01, 0.02, 0.02, 0.03, 0.02, 0.05, 0.06, 0.03, 0.03, 0.06, 0.09, 0.08, 0.12, 0.07, 0.09, 0.07, 0.05, 0.06, 0.07, 0.08, 0.07, 0.04, 0.04, 0.05, 0.03, 0.04, 0.04, 0.04, 0.05, 0.03, 0.04, 0.05, 0.04, 0.04, 0.05, 0.01, 0.02, 0.11, 0.06, 0.15, 0.09, 0.08, 0.07, 0.07, 0.09, 0.09, 0.09, 0.13, 0.14, 0.07, 0.06, 0.09, 0.08, 0.05, 0.03, 0.03, 0.01, 0.01, 0.08, 0.05, 0.03
0.08, 0.01, 0.17, 0.02, 0.05, 0.03, 0.03, 0.02, 0.06, 0.05, 0.03, 0.06, 0.06, 0.09, 0.15, 0.29, 0.06, 0.17, 0.08, 0.05, 0.04, 0.04, 0.09, 0.12, 0.05, 0.01, 0.04, 0.05, 0.09, 0.03, 0.05, 0.13, 0.06, 0.06, 0.03, 0.06, 0.03, 0.05, 0.02, 0.04, 0.14, 0.2, 0.06, 0.1, 0.11, 0.1, 0.21, 0.09, 0.15, 0.11, 0.11, 0.12, 0.13, 0.08, 0.21, 0.05, 0.1, 0.03, 0.01, 0.01, 0.01, 0.08, 0.1, 0.04
0.05, 0.01, 0.04, 0.02, 0.03, 0.03, 0.02, 0.01, 0.03, 0.03, 0.03, 0.02, 0.04, 0.05, 0.06, 0.09, 0.05, 0.08, 0.04, 0.02, 0.03, 0.03, 0.04, 0.03, 0.03, 0.02, 0.04, 0.03, 0.05, 0.04, 0.03, 0.03, 0.03, 0.03, 0.02, 0.02, 0.02, 0.03, 0.01, 0.02, 0.03, 0.02, 0.17, 0.06, 0.07, 0.05, 0.05, 0.05, 0.06, 0.07, 0.05, 0.06, 0.05, 0.05, 0.08, 0.03, 0.04, 0.02, 0.02, 0.01, 0.01, 0.04, 0.03, 0.09
0.12, 0.04, 0.1, 0.03, 0.03, 0.07, 0.06, 0.02, 0.07, 0.06, 0.04, 0.03, 0.1, 0.09, 0.05, 0.29, 0.09, 0.12, 0.06, 0.02, 0.06, 0.04, 0.05, 0.04, 0.03, 0.03, 0.05, 0.02, 0.07, 0.07, 0.03, 0.04, 0.05, 0.06, 0.03, 0.02, 0.02, 0.05, 0.02, 0.02, 0.06, 0.04, 0.34, 0.09, 0.16, 0.08, 0.07, 0.11, 0.1, 0.08, 0.09, 0.1, 0.04, 0.09, 0.12, 0.08, 0.06, 0.03, 0.04, 0.01, 0.01, 0.03, 0.03, 0.03
0.04, 0.0, 0.04, 0.0, 0.01, 0.01, 0.02, 0.01, 0.02, 0.03, 0.01, 0.02, 0.04, 0.08, 0.05, 0.05, 0.05, 0.05, 0.02, 0.02, 0.02, 0.03, 0.03, 0.03, 0.02, 0.01, 0.02, 0.02, 0.02, 0.02, 0.02, 0.02, 0.01, 0.01, 0.03, 0.02, 0.02, 0.02, 0.01, 0.02, 0.05, 0.04, 0.09, 0.03, 0.03, 0.04, 0.04, 0.03, 0.04, 0.05, 0.05, 0.06, 0.05, 0.04, 0.04, 0.02, 0.02, 0.01, 0.01, 0.01, 0.01, 0.04, 0.03, 0.03
0.08, 0.01, 0.08, 0.02, 0.04, 0.03, 0.03, 0.01, 0.03, 0.05, 0.02, 0.04, 0.07, 0.1, 0.11, 0.15, 0.06, 0.12, 0.04, 0.04, 0.02, 0.04, 0.04, 0.05, 0.03, 0.02, 0.04, 0.06, 0.05, 0.03, 0.03, 0.07, 0.03, 0.03, 0.02, 0.04, 0.03, 0.03, 0.02, 0.04, 0.08, 0.16, 0.18, 0.1, 0.08, 0.08, 0.14, 0.06, 0.12, 0.11, 0.07, 0.09, 0.09, 0.07, 0.07, 0.03, 0.05, 0.02, 0.01, 0.01, 0.02, 0.12, 0.08, 0.06
0.13, 0.03, 0.16, 0.04, 0.1, 0.08, 0.1, 0.04, 0.09, 0.15, 0.06, 0.1, 0.23, 0.18, 0.2, 0.32, 0.15, 0.28, 0.11, 0.14, 0.18, 0.08, 0.15, 0.18, 0.06, 0.07, 0.06, 0.11, 0.12, 0.12, 0.03, 0.09, 0.04, 0.06, 0.08, 0.14, 0.07, 0.12, 0.02, 0.05, 0.08, 0.27, 0.4, 0.19, 0.25, 0.04, 0.24, 0.12, 0.29, 0.17, 0.29, 0.13, 0.25, 0.15, 0.19, 0.11, 0.15, 0.07, 0.07, 0.01, 0.01, 0.11, 0.11, 0.16
0.21, 0.03, 0.44, 0.06, 0.2, 0.11, 0.08, 0.03, 0.09, 0.11, 0.07, 0.15, 0.14, 0.17, 0.45, 0.68, 0.2, 0.37, 0.12, 0.19, 0.09, 0.09, 0.14, 0.26, 0.1, 0.05, 0.08, 0.15, 0.24, 0.11, 0.08, 0.48, 0.1, 0.12, 0.06, 0.21, 0.06, 0.09, 0.02, 0.09, 0.16, 0.49, 0.6, 0.27, 0.3, 0.11, 0.62, 0.14, 0.46, 0.25, 0.29, 0.19, 0.42, 0.25, 0.42, 0.15, 0.29, 0.07, 0.05, 0.01, 0.02, 0.25, 0.17, 0.19
0.39, 0.1, 0.5, 0.12, 0.21, 0.24, 0.17, 0.06, 0.2, 0.27, 0.23, 0.19, 0.32, 0.45, 0.55, 1.0, 0.47, 0.53, 0.33, 0.15, 0.26, 0.27, 0.33, 0.31, 0.24, 0.12, 0.23, 0.12, 0.36, 0.29, 0.24, 0.3, 0.19, 0.26, 0.16, 0.16, 0.16, 0.27, 0.09, 0.15, 0.38, 0.62, 1.0, 0.42, 0.58, 0.42, 0.58, 0.38, 0.62, 0.56, 0.44, 0.6, 0.4, 0.45, 0.55, 0.3, 0.34, 0.15, 0.15, 0.03, 0.03, 0.37, 0.31, 0.32
0.14, 0.04, 0.16, 0.06, 0.09, 0.06, 0.06, 0.04, 0.05, 0.09, 0.13, 0.1, 0.09, 0.16, 0.22, 0.37, 0.13, 0.28, 0.21, 0.13, 0.11, 0.11, 0.15, 0.25, 0.14, 0.08, 0.08, 0.1, 0.15, 0.08, 0.09, 0.21, 0.16, 0.11, 0.07, 0.11, 0.09, 0.1, 0.05, 0.09, 0.15, 0.21, 0.37, 0.22, 0.15, 0.22, 0.4, 0.15, 0.24, 0.44, 0.21, 0.28, 0.32, 0.35, 0.25, 0.07, 0.18, 0.07, 0.04, 0.02, 0.01, 0.2, 0.15, 0.12
0.26, 0.04, 0.37, 0.06, 0.14, 0.17, 0.13, 0.03, 0.11, 0.16, 0.11, 0.13, 0.19, 0.24, 0.37, 0.63, 0.24, 0.35, 0.13, 0.08, 0.12, 0.12, 0.1, 0.14, 0.06, 0.08, 0.13, 0.11, 0.18, 0.16, 0.09, 0.18, 0.07, 0.09, 0.08, 0.12, 0.06, 0.15, 0.02, 0.04, 0.23, 0.41, 0.63, 0.22, 0.41, 0.15, 0.24, 0.26, 0.35, 0.19, 0.15, 0.23, 0.16, 0.15, 0.25, 0.21, 0.24, 0.07, 0.07, 0.01, 0.01, 0.2, 0.22, 0.12
0.16, 0.01, 0.15, 0.03, 0.08, 0.07, 0.09, 0.02, 0.07, 0.13, 0.04, 0.07, 0.15, 0.18, 0.17, 0.29, 0.12, 0.16, 0.08, 0.13, 0.13, 0.14, 0.17, 0.15, 0.06, 0.05, 0.11, 0.09, 0.11, 0.12, 0.1, 0.12, 0.05, 0.07, 0.09, 0.11, 0.05, 0.08, 0.04, 0.05, 0.14, 0.17, 0.23, 0.18, 0.2, 0.12, 0.2, 0.17, 0.2, 0.17, 0.24, 0.2, 0.17, 0.18, 0.17, 0.11, 0.11, 0.07, 0.04, 0.02, 0.02, 0.1, 0.12, 0.04
0.24, 0.03, 0.41, 0.06, 0.22, 0.12, 0.11, 0.02, 0.09, 0.16, 0.08, 0.19, 0.18, 0.24, 0.41, 0.71, 0.25, 0.46, 0.13, 0.19, 0.07, 0.13, 0.18, 0.25, 0.09, 0.06, 0.12, 0.18, 0.2, 0.08, 0.12, 0.35, 0.09, 0.11, 0.1, 0.21, 0.06, 0.09, 0.04, 0.09, 0.19, 0.51, 0.77, 0.3, 0.32, 0.2, 0.47, 0.2, 0.43, 0.26, 0.33, 0.24, 0.39, 0.25, 0.4, 0.18, 0.26, 0.09, 0.04, 0.02, 0.03, 0.37, 0.24, 0.12
0.17, 0.02, 0.15, 0.04, 0.07, 0.07, 0.07, 0.03, 0.09, 0.14, 0.06, 0.09, 0.19, 0.19, 0.2, 0.31, 0.19, 0.23, 0.1, 0.12, 0.15, 0.13, 0.17, 0.14, 0.08, 0.07, 0.11, 0.08, 0.1, 0.1, 0.07, 0.09, 0.04, 0.07, 0.09, 0.1, 0.05, 0.1, 0.04, 0.05, 0.17, 0.18, 0.35, 0.22, 0.2, 0.13, 0.15, 0.19, 0.2, 0.17, 0.29, 0.24, 0.16, 0.19, 0.18, 0.11, 0.14, 0.06, 0.05, 0.02, 0.02, 0.09, 0.12, 0.11
0.21, 0.05, 0.39, 0.08, 0.2, 0.11, 0.1, 0.03, 0.08, 0.13, 0.08, 0.14, 0.17, 0.25, 0.36, 0.69, 0.14, 0.43, 0.14, 0.17, 0.08, 0.1, 0.15, 0.24, 0.09, 0.06, 0.11, 0.21, 0.21, 0.08, 0.13, 0.38, 0.11, 0.11, 0.06, 0.17, 0.06, 0.09, 0.05, 0.13, 0.21, 0.43, 0.65, 0.29, 0.29, 0.25, 0.47, 0.22, 0.39, 0.27, 0.27, 0.26, 0.34, 0.25, 0.38, 0.15, 0.28, 0.07, 0.05, 0.02, 0.02, 0.32, 0.21, 0.14
0.16, 0.05, 0.29, 0.06, 0.12, 0.07, 0.08, 0.04, 0.05, 0.12, 0.13, 0.14, 0.08, 0.21, 0.26, 0.46, 0.16, 0.38, 0.18, 0.15, 0.08, 0.13, 0.14, 0.3, 0.12, 0.06, 0.11, 0.11, 0.16, 0.08, 0.16, 0.3, 0.13, 0.09, 0.11, 0.17, 0.1, 0.1, 0.05, 0.09, 0.2, 0.34, 0.5, 0.28, 0.16, 0.25, 0.47, 0.13, 0.25, 0.44, 0.21, 0.28, 0.34, 0.35, 0.32, 0.09, 0.21, 0.07, 0.03, 0.02, 0.01, 0.24, 0.15, 0.15
0.17, 0.03, 0.3, 0.07, 0.13, 0.15, 0.13, 0.03, 0.08, 0.16, 0.09, 0.13, 0.15, 0.25, 0.28, 0.54, 0.15, 0.3, 0.12, 0.1, 0.1, 0.14, 0.08, 0.17, 0.05, 0.07, 0.13, 0.09, 0.18, 0.13, 0.1, 0.06, 0.06, 0.1, 0.08, 0.11, 0.04, 0.1, 0.02, 0.03, 0.17, 0.29, 0.5, 0.21, 0.35, 0.1, 0.17, 0.24, 0.37, 0.21, 0.15, 0.21, 0.18, 0.12, 0.21, 0.21, 0.24, 0.05, 0.06, 0.01, 0.01, 0.22, 0.18, 0.05
0.26, 0.02, 0.14, 0.06, 0.11, 0.11, 0.14, 0.04, 0.1, 0.16, 0.07, 0.1, 0.2, 0.26, 0.23, 0.43, 0.22, 0.27, 0.11, 0.16, 0.13, 0.14, 0.17, 0.19, 0.07, 0.06, 0.14, 0.14, 0.16, 0.16, 0.11, 0.2, 0.04, 0.11, 0.16, 0.19, 0.07, 0.11, 0.04, 0.06, 0.22, 0.22, 0.45, 0.25, 0.3, 0.19, 0.26, 0.22, 0.26, 0.2, 0.31, 0.24, 0.2, 0.19, 0.28, 0.2, 0.22, 0.07, 0.05, 0.02, 0.02, 0.25, 0.13, 0.09
0.16, 0.03, 0.38, 0.05, 0.16, 0.08, 0.08, 0.02, 0.05, 0.12, 0.08, 0.16, 0.11, 0.19, 0.33, 0.57, 0.16, 0.35, 0.12, 0.2, 0.05, 0.1, 0.11, 0.28, 0.08, 0.03, 0.05, 0.17, 0.13, 0.05, 0.08, 0.32, 0.06, 0.07, 0.05, 0.15, 0.04, 0.05, 0.03, 0.06, 0.17, 0.39, 0.55, 0.24, 0.22, 0.17, 0.37, 0.18, 0.34, 0.25, 0.24, 0.22, 0.33, 0.23, 0.3, 0.1, 0.24, 0.05, 0.03, 0.01, 0.01, 0.32, 0.15, 0.06
0.14, 0.05, 0.2, 0.04, 0.12, 0.07, 0.08, 0.03, 0.04, 0.11, 0.1, 0.11, 0.1, 0.16, 0.23, 0.39, 0.24, 0.23, 0.15, 0.15, 0.08, 0.12, 0.13, 0.21, 0.09, 0.06, 0.1, 0.09, 0.15, 0.08, 0.12, 0.2, 0.1, 0.08, 0.1, 0.13, 0.06, 0.07, 0.03, 0.07, 0.16, 0.27, 0.43, 0.25, 0.16, 0.19, 0.28, 0.14, 0.2, 0.37, 0.17, 0.25, 0.36, 0.17, 0.22, 0.08, 0.15, 0.06, 0.04, 0.03, 0.02, 0.26, 0.05, 0.07
0.24, 0.02, 0.35, 0.05, 0.18, 0.17, 0.11, 0.02, 0.07, 0.18, 0.07, 0.15, 0.18, 0.22, 0.39, 0.61, 0.21, 0.33, 0.13, 0.11, 0.1, 0.16, 0.13, 0.24, 0.07, 0.08, 0.14, 0.09, 0.2, 0.16, 0.11, 0.21, 0.06, 0.1, 0.1, 0.16, 0.05, 0.12, 0.04, 0.08, 0.17, 0.39, 0.57, 0.21, 0.38, 0.18, 0.35, 0.24, 0.42, 0.3, 0.17, 0.21, 0.19, 0.23, 0.38, 0.2, 0.25, 0.07, 0.06, 0.02, 0.02, 0.37, 0.15, 0.09
0.11, 0.01, 0.16, 0.02, 0.05, 0.04, 0.05, 0.02, 0.06, 0.07, 0.04, 0.05, 0.1, 0.15, 0.14, 0.23, 0.12, 0.12, 0.08, 0.1, 0.1, 0.09, 0.12, 0.16, 0.06, 0.05, 0.07, 0.05, 0.07, 0.08, 0.06, 0.09, 0.03, 0.04, 0.07, 0.08, 0.03, 0.07, 0.02, 0.04, 0.13, 0.13, 0.25, 0.1, 0.17, 0.1, 0.14, 0.09, 0.11, 0.15, 0.2, 0.15, 0.15, 0.1, 0.15, 0.15, 0.1, 0.06, 0.03, 0.01, 0.02, 0.09, 0.05, 0.05
0.15, 0.02, 0.19, 0.04, 0.1, 0.06, 0.05, 0.02, 0.05, 0.09, 0.07, 0.09, 0.12, 0.14, 0.2, 0.45, 0.11, 0.23, 0.11, 0.12, 0.06, 0.08, 0.11, 0.16, 0.07, 0.04, 0.08, 0.14, 0.14, 0.06, 0.09, 0.26, 0.08, 0.09, 0.04, 0.08, 0.03, 0.05, 0.04, 0.11, 0.17, 0.33, 0.35, 0.2, 0.19, 0.15, 0.29, 0.14, 0.29, 0.21, 0.17, 0.21, 0.26, 0.17, 0.24, 0.07, 0.1, 0.04, 0.03, 0.02, 0.03, 0.14, 0.09, 0.07
0.05, 0.01, 0.08, 0.02, 0.04, 0.02, 0.03, 0.02, 0.04, 0.04, 0.04, 0.04, 0.04, 0.06, 0.11, 0.14, 0.04, 0.09, 0.04, 0.03, 0.02, 0.03, 0.03, 0.04, 0.03, 0.02, 0.03, 0.02, 0.05, 0.02, 0.03, 0.04, 0.02, 0.02, 0.03, 0.03, 0.03, 0.03, 0.01, 0.03, 0.05, 0.06, 0.14, 0.07, 0.05, 0.08, 0.07, 0.05, 0.08, 0.07, 0.04, 0.06, 0.04, 0.08, 0.06, 0.04, 0.07, 0.02, 0.01, 0.01, 0.01, 0.08, 0.03, 0.09
0.05, 0.01, 0.05, 0.02, 0.02, 0.03, 0.03, 0.02, 0.05, 0.03, 0.02, 0.01, 0.05, 0.07, 0.05, 0.13, 0.08, 0.1, 0.02, 0.01, 0.03, 0.02, 0.02, 0.01, 0.02, 0.01, 0.02, 0.02, 0.04, 0.04, 0.02, 0.01, 0.01, 0.02, 0.01, 0.01, 0.02, 0.02, 0.01, 0.01, 0.05, 0.03, 0.18, 0.06, 0.07, 0.03, 0.02, 0.08, 0.07, 0.05, 0.04, 0.04, 0.02, 0.05, 0.04, 0.03, 0.03, 0.02, 0.02, 0.01, 0.01, 0.04, 0.04, 0.06
0.03, 0.0, 0.02, 0.0, 0.01, 0.01, 0.01, 0.0, 0.01, 0.01, 0.0, 0.01, 0.01, 0.02, 0.02, 0.03, 0.03, 0.03, 0.01, 0.01, 0.01, 0.01, 0.01, 0.01, 0.01, 0.0, 0.01, 0.01, 0.01, 0.01, 0.02, 0.01, 0.01, 0.01, 0.01, 0.01, 0.01, 0.01, 0.01, 0.01, 0.01, 0.01, 0.03, 0.02, 0.01, 0.03, 0.03, 0.01, 0.02, 0.03, 0.01, 0.02, 0.01, 0.05, 0.02, 0.01, 0.01, 0.01, 0.0, 0.01, 0.01, 0.03, 0.02, 0.03
0.02, 0.0, 0.02, 0.01, 0.01, 0.01, 0.02, 0.0, 0.01, 0.01, 0.01, 0.01, 0.02, 0.02, 0.02, 0.02, 0.03, 0.03, 0.01, 0.0, 0.01, 0.01, 0.01, 0.01, 0.01, 0.01, 0.01, 0.01, 0.02, 0.01, 0.01, 0.01, 0.01, 0.01, 0.01, 0.01, 0.01, 0.01, 0.01, 0.01, 0.02, 0.01, 0.04, 0.03, 0.03, 0.02, 0.02, 0.03, 0.03, 0.02, 0.01, 0.02, 0.01, 0.03, 0.02, 0.02, 0.01, 0.01, 0.01, 0.0, 0.0, 0.02, 0.03, 0.03
0.04, 0.08, 0.05, 0.03, 0.02, 0.04, 0.03, 0.02, 0.03, 0.04, 0.04, 0.05, 0.08, 0.06, 0.08, 0.12, 0.05, 0.12, 0.07, 0.07, 0.08, 0.03, 0.02, 0.05, 0.1, 0.05, 0.04, 0.04, 0.07, 0.07, 0.03, 0.04, 0.03, 0.1, 0.01, 0.03, 0.03, 0.03, 0.01, 0.06, 0.04, 0.08, 0.15, 0.12, 0.08, 0.1, 0.2, 0.06, 0.1, 0.13, 0.05, 0.11, 0.09, 0.13, 0.13, 0.01, 0.04, 0.04, 0.04, 0.07, 0.04, 0.04, 0.04, 0.08
0.06, 0.12, 0.11, 0.06, 0.04, 0.08, 0.03, 0.03, 0.05, 0.1, 0.05, 0.06, 0.15, 0.13, 0.11, 0.34, 0.06, 0.1, 0.07, 0.04, 0.09, 0.03, 0.05, 0.05, 0.05, 0.05, 0.05, 0.07, 0.08, 0.08, 0.02, 0.06, 0.06, 0.08, 0.01, 0.02, 0.02, 0.03, 0.02, 0.03, 0.12, 0.22, 0.21, 0.19, 0.28, 0.05, 0.18, 0.11, 0.21, 0.29, 0.21, 0.1, 0.2, 0.21, 0.13, 0.03, 0.05, 0.03, 0.05, 0.02, 0.04, 0.04, 0.12, 0.08
0.12, 0.18, 0.24, 0.06, 0.05, 0.11, 0.03, 0.12, 0.17, 0.16, 0.1, 0.08, 0.09, 0.28, 0.34, 0.54, 0.32, 0.35, 0.17, 0.1, 0.11, 0.15, 0.19, 0.16, 0.13, 0.09, 0.09, 0.06, 0.18, 0.16, 0.16, 0.1, 0.17, 0.14, 0.1, 0.1, 0.13, 0.21, 0.07, 0.07, 0.28, 0.26, 0.64, 0.19, 0.13, 0.25, 0.22, 0.29, 0.23, 0.2, 0.12, 0.29, 0.2, 0.2, 0.2, 0.07, 0.06, 0.06, 0.1, 0.12, 0.12, 0.08, 0.05, 0.48
